158407.008951 3
158566.575526 3
158726.301828 2
158886.188016 3
159046.234251 2
158886.188016 1
158726.301828 1
158407.008951 2
158247.601942 1
158088.354340 1
158407.008951 2
157452.954817 2
157294.501862 1
157136.207360 1
156978.071153 1
156820.093081 1
157452.954817 2
157294.501862 1
157136.207360 1
156978.071153 1
156820.093081 1
156662.272988 1
156504.610715 1
157770.336720 2
157452.954817 2
156504.610715 3
156662.272988 3
156820.093081 2
158407.008951 2
158726.301828 2
158886.188016 2
159206.440691 2
158566.575526 2
158566.575526 2
157611.566383 2
157294.501862 2
157611.566383 2
156978.071153 0
156662.272988 0
157929.265986 2
157611.566383 2
156978.071153 2
158566.575526 2
158886.188016 2
159366.807499 2
159046.234251 2
159366.807499 2
158407.008951 3
158566.575526 3
158726.301828 3
158886.188016 3
159046.234251 2
158886.188016 1
158726.301828 1
157770.336720 2
157452.954817 3
157611.566383 3
157770.336720 3
157929.265986 2
157770.336720 1
156820.093081 0
156504.610715 0
158407.008951 2
158088.354340 2
157770.336720 2
157611.566383 1
157452.954817 1
157294.501862 1
157136.207360 1
158726.301828 3
158886.188016 3
159046.234251 2
159527.334834 2
159206.440691 2
159527.334834 2
158566.575526 0
159206.440691 2
158566.575526 0
157929.265986 2
158088.354340 2
158566.575526 2
158247.601942 2
157929.265986 2
157294.501862 0
159206.440691 2
159688.022856 2
159366.807499 3
159527.334834 3
159688.022856 2
159366.807499 2
158407.008951 0
159366.807499 2
158407.008951 0
158247.601942 1
158088.354340 1
157929.265986 1
157770.336720 1
158088.354340 3
158247.601942 3
158407.008951 2
158566.575526 3
158726.301828 2
159046.234251 2
158886.188016 1
158726.301828 1
158566.575526 1
158407.008951 1
158247.601942 1
158088.354340 1
157136.207360 0
160009.881610 2
159688.022856 2
159366.807499 2
159848.871728 2
159848.871728 2
159527.334834 2
159527.334834 2
158566.575526 2
158886.188016 2
159206.440691 2
160171.052662 2
159848.871728 2
159527.334834 2
160009.881610 3
160171.052662 3
160332.385047 2
160009.881610 2
159688.022856 2
159527.334834 1
159366.807499 1
159527.334834 3
159688.022856 3
159848.871728 3
160009.881610 2
159848.871728 1
159688.022856 1
159527.334834 1
159366.807499 1
159206.440691 1
159046.234251 1
158886.188016 1
158726.301828 1
158886.188016 3
159046.234251 3
159206.440691 3
159366.807499 3
159527.334834 3
159688.022856 3
159848.871728 3
160009.881610 3
160171.052662 3
160332.385047 3
160493.878926 3
160655.534461 2
160493.878926 1
160332.385047 1
160171.052662 1
160009.881610 1
159848.871728 1
159688.022856 1
160493.878926 2
160171.052662 2
159848.871728 2
160171.052662 2
159046.234251 0
159848.871728 0
160817.351813 2
159848.871728 2
160332.385047 2
160493.878926 3
160655.534461 2
160493.878926 1
160332.385047 1
160171.052662 1
160009.881610 1
159848.871728 1
159688.022856 1
160009.881610 3
160171.052662 3
160332.385047 2
160655.534461 2
160979.331144 3
161141.472616 3
161303.776393 3
161466.242635 3
161628.871507 2
161954.617788 2
162281.016540 2
161954.617788 2
159688.022856 0
161303.776393 2
161141.472616 1
160979.331144 1
160817.351813 1
160655.534461 1
160493.878926 1
160332.385047 1
160171.052662 1
160009.881610 1
160493.878926 2
160817.351813 2
159848.871728 0
160493.878926 2
160817.351813 2
161791.663170 2
162117.735523 2
162444.461001 2
162117.735523 2
161466.242635 2
160655.534461 2
160979.331144 2
159366.807499 3
159527.334834 3
159688.022856 0
159527.334834 1
159366.807499 1
160332.385047 3
160493.878926 3
160655.534461 3
160817.351813 3
160979.331144 3
161141.472616 3
161303.776393 3
161466.242635 3
161628.871507 3
161791.663170 3
161954.617788 3
162117.735523 3
162281.016540 3
162444.461001 3
162608.069070 2
162444.461001 1
162281.016540 1
162117.735523 1
161954.617788 1
161791.663170 1
161628.871507 1
161466.242635 1
161303.776393 1
160332.385047 2
160171.052662 1
160009.881610 1
159848.871728 1
159688.022856 1
160817.351813 2
161141.472616 2
159206.440691 0
159206.440691 0
160817.351813 0
161141.472616 0
161466.242635 0
161791.663170 0
162117.735523 0
162771.840911 2
162444.461001 2
161791.663170 0
161466.242635 0
160493.878926 2
159848.871728 0
160979.331144 2
161141.472616 3
161303.776393 2
159046.234251 0
161954.617788 2
159046.234251 0
162608.069070 2
162935.776688 2
160655.534461 0
160979.331144 0
161303.776393 0
161466.242635 3
161628.871507 0
161954.617788 0
162935.776688 2
162608.069070 2
161628.871507 0
161303.776393 0
160332.385047 3
160493.878926 3
160655.534461 2
159688.022856 0
159527.334834 1
159366.807499 1
161141.472616 2
161466.242635 2
162117.735523 2
162771.840911 2
163099.876564 2
162935.776688 2
161628.871507 3
161791.663170 0
163099.876564 2
162771.840911 2
161466.242635 0
161466.242635 2
160817.351813 2
159206.440691 0
161303.776393 2
161628.871507 3
161791.663170 3
161954.617788 3
162117.735523 3
162281.016540 3
162444.461001 3
162608.069070 3
162771.840911 3
162935.776688 3
163099.876564 3
163264.140705 2
163099.876564 1
162935.776688 1
163099.876564 3
163264.140705 3
163428.569274 3
163593.162437 3
163757.920357 3
163922.843200 2
161628.871507 0
163264.140705 2
163099.876564 1
162935.776688 1
161303.776393 0
161466.242635 3
161628.871507 2
161303.776393 2
161141.472616 1
160979.331144 1
160817.351813 1
160655.534461 1
159046.234251 0
161466.242635 2
161466.242635 0
162771.840911 0
163428.569274 2
164087.931131 2
163428.569274 2
162771.840911 0
161791.663170 2
161466.242635 2
161141.472616 2
160493.878926 0
158886.188016 0
161628.871507 2
161466.242635 1
161303.776393 0
161466.242635 3
161628.871507 3
161791.663170 3
161954.617788 3
162117.735523 3
162281.016540 3
162444.461001 3
162608.069070 0
163593.162437 3
163757.920357 3
163922.843200 3
164087.931131 3
164253.184316 3
164418.602919 3
164584.187106 2
164418.602919 1
164253.184316 1
164087.931131 1
163922.843200 1
163757.920357 1
163593.162437 1
162608.069070 0
162444.461001 1
162281.016540 1
162117.735523 1
161954.617788 1
161791.663170 1
161628.871507 1
161466.242635 1
161303.776393 1
160332.385047 0
158726.301828 0
161791.663170 2
161466.242635 0
162444.461001 0
163428.569274 0
163757.920357 0
164749.937043 2
163593.162437 0
162117.735523 0
161791.663170 0
158407.008951 3
158566.575526 0
161954.617788 2
160979.331144 3
161141.472616 3
161303.776393 0
161141.472616 1
160979.331144 1
160817.351813 1
160655.534461 1
162281.016540 0
163264.140705 0
163593.162437 0
163428.569274 1
163264.140705 1
164915.852896 2
164584.187106 2
164418.602919 1
164253.184316 1
164584.187106 2
164253.184316 2
161954.617788 0
161628.871507 0
162608.069070 2
162444.461001 1
162281.016540 1
162117.735523 1
161954.617788 1
158407.008951 0
162117.735523 2
160493.878926 0
162117.735523 0
163428.569274 0
163099.876564 0
165081.934830 2
164749.937043 2
164749.937043 2
164418.602919 2
162771.840911 2
162281.016540 3
162444.461001 3
162608.069070 2
162935.776688 2
162771.840911 1
162608.069070 1
160332.385047 0
161954.617788 0
164253.184316 2
163264.140705 0
162935.776688 0
165248.183013 2
164915.852896 2
165248.183013 2
164915.852896 2
164584.187106 2
164418.602919 1
164253.184316 1
162608.069070 3
162771.840911 3
162935.776688 3
163099.876564 3
163264.140705 2
163099.876564 1
162935.776688 1
162771.840911 1
162608.069070 1
162117.735523 0
162771.840911 2
163099.876564 2
164418.602919 2
165414.597611 2
165081.934830 2
165414.597611 2
165248.183013 1
165081.934830 1
164749.937043 2
164418.602919 2
163428.569274 2
162444.461001 0
162281.016540 2
162935.776688 3
163099.876564 3
163264.140705 3
163428.569274 3
163593.162437 3
163757.920357 3
163922.843200 3
164087.931131 3
164253.184316 3
164418.602919 3
164584.187106 2
164749.937043 3
164915.852896 2
164749.937043 1
164584.187106 1
165581.178790 2
165414.597611 1
165248.183013 1
165414.597611 3
165581.178790 2
165248.183013 2
165081.934830 1
164915.852896 1
164584.187106 2
164418.602919 1
164253.184316 1
163922.843200 2
163757.920357 1
163593.162437 1
163428.569274 1
163264.140705 1
162281.016540 0
162444.461001 2
163757.920357 0
164749.937043 2
165081.934830 2
165747.926717 2
165747.926717 2
165414.597611 2
164749.937043 2
164087.931131 2
163099.876564 0
162117.735523 0
162608.069070 3
162771.840911 3
162935.776688 3
163099.876564 3
163264.140705 3
163428.569274 3
163593.162437 3
163757.920357 3
163922.843200 3
164087.931131 3
164253.184316 2
164915.852896 3
165081.934830 3
165248.183013 2
165081.934830 1
164915.852896 1
165914.841558 2
166249.172654 2
166081.923482 1
165914.841558 1
165747.926717 1
165581.178790 1
165414.597611 1
165248.183013 1
165081.934830 1
164915.852896 1
164749.937043 1
164584.187106 1
164418.602919 1
164253.184316 1
163264.140705 2
162935.776688 0
161954.617788 0
162444.461001 0
162771.840911 0
164418.602919 2
165414.597611 2
166081.923482 2
166416.589243 2
165747.926717 2
165414.597611 2
164418.602919 0
163428.569274 2
162281.016540 0
162444.461001 3
162608.069070 0
162444.461001 1
162281.016540 1
163922.843200 3
164087.931131 3
164253.184316 3
164418.602919 3
164584.187106 3
164749.937043 3
164915.852896 2
165581.178790 3
165747.926717 3
165914.841558 3
166081.923482 3
166249.172654 3
166416.589243 3
166584.173417 2
166416.589243 1
166249.172654 1
165914.841558 2
165747.926717 1
165581.178790 1
165414.597611 1
165248.183013 1
164253.184316 0
164087.931131 1
163922.843200 1
163757.920357 1
163593.162437 1
162608.069070 2
162444.461001 1
162281.016540 1
162444.461001 0
164087.931131 0
165081.934830 3
165248.183013 3
165414.597611 0
166751.925342 2
166416.589243 2
166081.923482 2
165414.597611 0
163428.569274 0
162771.840911 2
161954.617788 3
162117.735523 3
162281.016540 0
163264.140705 3
163428.569274 3
163593.162437 3
163757.920357 3
163922.843200 0
163922.843200 2
164915.852896 0
165248.183013 0
165081.934830 1
164915.852896 1
164749.937043 1
164584.187106 1
166919.845187 2
166584.173417 2
166249.172654 2
165248.183013 0
165081.934830 1
164915.852896 1
164749.937043 1
164584.187106 1
164418.602919 1
164253.184316 1
163264.140705 0
163099.876564 1
162935.776688 1
162771.840911 1
162608.069070 1
161791.663170 0
162444.461001 2
163099.876564 0
163428.569274 0
164087.931131 2
164749.937043 0
165081.934830 0
164584.187106 0
167087.933121 2
166919.845187 1
166751.925342 1
166416.589243 2
165081.934830 0
164749.937043 0
164087.931131 0
163099.876564 0
161628.871507 0
162608.069070 3
162771.840911 3
162935.776688 0
163264.140705 0
163922.843200 3
164087.931131 3
164253.184316 3
164418.602919 3
164584.187106 0
164915.852896 0
164749.937043 1
164584.187106 1
167593.207131 2
167256.189310 2
166584.173417 0
166416.589243 1
166584.173417 2
164915.852896 0
164584.187106 0
164418.602919 1
164253.184316 1
164087.931131 1
163922.843200 0
162935.776688 0
162771.840911 1
162608.069070 1
162444.461001 1
162281.016540 1
161466.242635 0
162444.461001 0
163757.920357 0
164749.937043 0
164418.602919 0
167761.969100 2
167424.613924 2
166751.925342 2
164418.602919 0
164087.931131 0
162608.069070 3
162771.840911 0
162444.461001 0
161303.776393 0
162281.016540 0
161628.871507 2
161466.242635 1
161303.776393 1
163593.162437 0
163922.843200 3
164087.931131 3
164253.184316 3
164418.602919 3
164584.187106 0
164253.184316 0
167930.900000 2
167761.969100 1
167593.207131 1
167424.613924 1
167256.189310 1
167087.933121 1
166919.845187 1
166751.925342 1
166584.173417 1
164253.184316 0
163922.843200 0
163757.920357 1
163593.162437 1
162608.069070 0
162281.016540 0
162117.735523 1
161954.617788 1
162117.735523 0
161791.663170 2
162608.069070 2
164087.931131 0
164418.602919 0
168100.000000 2
167424.613924 0
166416.589243 0
163593.162437 3
163757.920357 0
163428.569274 0
162117.735523 0
161791.663170 0
161628.871507 3
161791.663170 3
161954.617788 0
161791.663170 1
161954.617788 3
162117.735523 3
162281.016540 2
162444.461001 3
162608.069070 3
162771.840911 2
162608.069070 1
163922.843200 0
164253.184316 0
167930.900000 3
168100.000000 3
0.000000 0
167256.189310 0
167087.933121 1
166919.845187 1
166751.925342 1
166584.173417 1
166249.172654 0
166081.923482 1
165914.841558 1
163593.162437 0
163264.140705 0
163099.876564 1
162935.776688 1
161954.617788 0
161628.871507 0
161791.663170 0
162444.461001 2
162935.776688 2
163757.920357 0
164087.931131 0
168100.000000 0
167424.613924 2
166081.923482 0
165747.926717 0
163428.569274 0
163099.876564 0
161628.871507 3
161791.663170 3
161954.617788 3
162117.735523 3
162281.016540 3
162444.461001 3
162608.069070 3
162771.840911 3
162935.776688 3
163099.876564 3
163264.140705 3
163428.569274 3
163593.162437 0
163757.920357 3
163922.843200 0
163757.920357 1
163593.162437 1
167930.900000 0
167761.969100 1
167593.207131 1
167424.613924 1
167256.189310 1
165581.178790 3
165747.926717 3
165914.841558 0
165581.178790 0
163264.140705 0
162935.776688 0
162771.840911 1
162608.069070 1
161628.871507 2
161466.242635 1
161303.776393 1
161466.242635 0
162117.735523 0
162444.461001 0
163099.876564 0
163428.569274 0
165414.597611 0
165747.926717 0
165414.597611 0
162771.840911 0
162444.461001 0
161791.663170 2
161303.776393 0
161141.472616 1
160979.331144 1
161954.617788 0
162281.016540 0
162117.735523 1
161954.617788 1
162935.776688 0
162771.840911 1
162608.069070 1
162444.461001 1
162281.016540 1
163264.140705 0
163099.876564 1
162935.776688 1
162771.840911 1
162608.069070 1
164915.852896 3
165081.934830 3
165248.183013 0
165581.178790 0
165248.183013 0
165081.934830 1
164915.852896 1
162608.069070 0
162444.461001 1
162281.016540 0
162117.735523 1
161954.617788 1
161791.663170 1
161628.871507 1
