336915.865954 3
337254.120074 3
337592.712787 3
337931.644431 3
338270.915347 3
338610.525873 3
338950.476349 2
338610.525873 1
338950.476349 3
339290.767116 3
339631.398515 2
339290.767116 1
339631.398515 2
339290.767116 1
338950.476349 1
338610.525873 1
338270.915347 1
337931.644431 1
337592.712787 1
337931.644431 3
338270.915347 2
338950.476349 3
339290.767116 2
339631.398515 3
339972.370885 3
340313.684570 2
339972.370885 1
339631.398515 1
341682.359283 3
342025.384668 3
342368.753421 2
342712.465887 3
343056.522410 3
343400.923333 3
343745.669002 2
343400.923333 1
343056.522410 1
343745.669002 2
343056.522410 2
343745.669002 3
344090.759762 3
344436.195958 2
343745.669002 2
343056.522410 2
342368.753421 2
340313.684570 2
339631.398515 2
339972.370885 3
340313.684570 2
337592.712787 0
339290.767116 2
339972.370885 2
339972.370885 2
338610.525873 2
339631.398515 2
340655.339910 2
342712.465887 2
344090.759762 2
344090.759762 2
343400.923333 2
344781.977936 2
344090.759762 2
343400.923333 2
342712.465887 2
340655.339910 2
339972.370885 2
340655.339910 2
337592.712787 2
336915.865954 2
338950.476349 2
339631.398515 2
339631.398515 3
339972.370885 3
340313.684570 3
340655.339910 2
340313.684570 1
342368.753421 2
343056.522410 3
343400.923333 3
343745.669002 2
338950.476349 3
339290.767116 3
339631.398515 3
339972.370885 3
340313.684570 3
340655.339910 3
340997.337247 2
341339.676924 3
341682.359283 3
342025.384668 3
342368.753421 3
342712.465887 3
343056.522410 3
343400.923333 3
343745.669002 3
344090.759762 3
344436.195958 2
343745.669002 3
344090.759762 3
344436.195958 2
343745.669002 3
344090.759762 3
344436.195958 3
344781.977936 3
345128.106042 2
344781.977936 1
344436.195958 1
344090.759762 1
343745.669002 1
343400.923333 1
343056.522410 1
340997.337247 2
340655.339910 1
340313.684570 1
340997.337247 2
337931.644431 2
337254.120074 2
339290.767116 2
339972.370885 2
340997.337247 2
342712.465887 2
342712.465887 0
344090.759762 2
339972.370885 0
341339.676924 2
342025.384668 0
344781.977936 2
344781.977936 2
345474.580622 2
342712.465887 0
341339.676924 2
341339.676924 2
338270.915347 2
337931.644431 1
337592.712787 1
339631.398515 3
339972.370885 3
340313.684570 2
340997.337247 2
341682.359283 2
341339.676924 1
340997.337247 1
343056.522410 2
342368.753421 0
344436.195958 2
338270.915347 3
338610.525873 3
338950.476349 3
339290.767116 3
339631.398515 0
341682.359283 2
341339.676924 1
340997.337247 1
341339.676924 3
341682.359283 0
341339.676924 1
340997.337247 1
344436.195958 3
344781.977936 3
345128.106042 3
345474.580622 3
345821.402024 2
345474.580622 1
345128.106042 1
344781.977936 1
344436.195958 1
345128.106042 3
345474.580622 3
345821.402024 2
345128.106042 2
344436.195958 2
342368.753421 0
342025.384668 1
341682.359283 1
342368.753421 2
341682.359283 2
338610.525873 2
340655.339910 2
341339.676924 2
342025.384668 2
343400.923333 2
344781.977936 2
342025.384668 2
340655.339910 0
341339.676924 0
344781.977936 0
346168.570595 2
346168.570595 2
345474.580622 2
344781.977936 2
342025.384668 0
342025.384668 2
342712.465887 2
342025.384668 2
338950.476349 2
338610.525873 1
338270.915347 1
340313.684570 3
340655.339910 3
340997.337247 2
341682.359283 3
342025.384668 3
342368.753421 3
342712.465887 2
343056.522410 3
343400.923333 3
343745.669002 3
344090.759762 3
344436.195958 3
344781.977936 3
345128.106042 2
344436.195958 2
343745.669002 2
343400.923333 1
343056.522410 1
342712.465887 1
342368.753421 1
340313.684570 0
340997.337247 0
340655.339910 1
340313.684570 1
346516.086682 2
344436.195958 0
346516.086682 2
347212.162795 3
347560.723519 3
347909.633152 2
345821.402024 3
346168.570595 3
346516.086682 2
345821.402024 2
345474.580622 1
345128.106042 1
341682.359283 0
342368.753421 3
342712.465887 3
343056.522410 2
342712.465887 1
342368.753421 1
339290.767116 2
338610.525873 2
339972.370885 0
341339.676924 2
343056.522410 2
345474.580622 2
344781.977936 2
344090.759762 2
339972.370885 0
340655.339910 0
346863.950632 2
346863.950632 2
348258.892044 2
346863.950632 2
346168.570595 2
344436.195958 2
343400.923333 2
339631.398515 2
338950.476349 2
339290.767116 3
339631.398515 0
341682.359283 2
342368.753421 2
343056.522410 3
343400.923333 3
343745.669002 2
344090.759762 3
344436.195958 3
344781.977936 3
345128.106042 2
345821.402024 2
345474.580622 1
345128.106042 1
344781.977936 1
344436.195958 1
344090.759762 1
343745.669002 1
344436.195958 2
339631.398515 0
339972.370885 3
340313.684570 0
346516.086682 2
346863.950632 3
347212.162795 3
347560.723519 3
347909.633152 2
347560.723519 1
347212.162795 1
347909.633152 3
348258.892044 3
348608.500544 2
348258.892044 1
347909.633152 1
347560.723519 1
347212.162795 1
346863.950632 1
346516.086682 1
346168.570595 1
345821.402024 1
345474.580622 1
345128.106042 1
344781.977936 1
344436.195958 1
344090.759762 1
343745.669002 1
343400.923333 1
343056.522410 1
339972.370885 2
339290.767116 2
342025.384668 2
342712.465887 2
342368.753421 1
342712.465887 0
344090.759762 2
345474.580622 2
346168.570595 2
344090.759762 2
344781.977936 2
339972.370885 0
346863.950632 2
348258.892044 2
347560.723519 2
348958.459003 2
347560.723519 2
346516.086682 2
345474.580622 2
343400.923333 2
340313.684570 2
339972.370885 1
339631.398515 1
341682.359283 2
342368.753421 2
343056.522410 2
342368.753421 0
344436.195958 2
344781.977936 3
345128.106042 2
345821.402024 2
346516.086682 2
341682.359283 2
341339.676924 1
340997.337247 1
344436.195958 3
344781.977936 3
345128.106042 2
344781.977936 1
344436.195958 1
339631.398515 0
347212.162795 2
346863.950632 1
346516.086682 1
348608.500544 2
347909.633152 3
348258.892044 3
348608.500544 2
348958.459003 3
349308.767771 2
348608.500544 2
348258.892044 1
347909.633152 1
347212.162795 2
346863.950632 1
346516.086682 1
346168.570595 1
345821.402024 1
345128.106042 2
344781.977936 1
344436.195958 1
343745.669002 2
340655.339910 2
342025.384668 2
342712.465887 2
343400.923333 2
344781.977936 2
345474.580622 2
346168.570595 2
346863.950632 2
342025.384668 2
345474.580622 2
339290.767116 0
347560.723519 2
348958.459003 2
348958.459003 2
349659.427198 2
348958.459003 2
347560.723519 2
345474.580622 2
344090.759762 0
344090.759762 2
340997.337247 2
341682.359283 3
342025.384668 3
342368.753421 2
343056.522410 2
343745.669002 2
344436.195958 3
344781.977936 3
345128.106042 2
345474.580622 3
345821.402024 2
346516.086682 2
346863.950632 3
347212.162795 2
342368.753421 3
342712.465887 3
343056.522410 2
345128.106042 2
345821.402024 3
346168.570595 3
346516.086682 2
338950.476349 0
347909.633152 3
348258.892044 3
348608.500544 3
348958.459003 3
349308.767771 2
348608.500544 3
348958.459003 3
349308.767771 2
350010.437636 2
349308.767771 2
347212.162795 3
347560.723519 3
347909.633152 2
347212.162795 2
345128.106042 3
345474.580622 3
345821.402024 2
343745.669002 0
344436.195958 2
341339.676924 2
342712.465887 2
343400.923333 2
344090.759762 2
345474.580622 2
346168.570595 2
346863.950632 2
347560.723519 2
343400.923333 2
345474.580622 2
346863.950632 2
349659.427198 2
349659.427198 2
350361.799435 2
349659.427198 2
348258.892044 2
347560.723519 2
346168.570595 2
344781.977936 2
341682.359283 2
341339.676924 1
340997.337247 1
343056.522410 2
343745.669002 2
344436.195958 2
345128.106042 3
345474.580622 3
345821.402024 3
346168.570595 3
346516.086682 2
347212.162795 2
347909.633152 2
343056.522410 2
343745.669002 2
345821.402024 3
346168.570595 3
346516.086682 3
346863.950632 3
347212.162795 2
347909.633152 2
348608.500544 3
348958.459003 3
349308.767771 2
350010.437636 2
350361.799435 3
350713.512948 2
350361.799435 1
350010.437636 1
350361.799435 3
350713.512948 2
350361.799435 1
350010.437636 1
349308.767771 2
348958.459003 1
348608.500544 1
348258.892044 1
347909.633152 1
347560.723519 1
347212.162795 1
346863.950632 1
346516.086682 1
346168.570595 1
345821.402024 1
345474.580622 1
345128.106042 1
342025.384668 2
343400.923333 2
344090.759762 2
344781.977936 2
346863.950632 2
347560.723519 2
348258.892044 2
343400.923333 2
344090.759762 2
345474.580622 0
347560.723519 2
348258.892044 2
349659.427198 2
350361.799435 2
351065.578527 2
351065.578527 2
350361.799435 2
349659.427198 2
347560.723519 0
344781.977936 0
342368.753421 3
342712.465887 3
343056.522410 3
343400.923333 3
343745.669002 3
344090.759762 3
344436.195958 3
344781.977936 3
345128.106042 3
345474.580622 3
345821.402024 3
346168.570595 3
346516.086682 3
346863.950632 3
347212.162795 3
347560.723519 3
347909.633152 3
348258.892044 3
348608.500544 2
343745.669002 3
344090.759762 3
344436.195958 3
344781.977936 3
345128.106042 0
345821.402024 2
347909.633152 3
348258.892044 3
348608.500544 3
348958.459003 3
349308.767771 3
349659.427198 3
350010.437636 3
350361.799435 3
350713.512948 2
351065.578527 3
351417.996523 3
351770.767291 3
352123.891182 2
351770.767291 1
351417.996523 1
350713.512948 2
350010.437636 2
349659.427198 1
349308.767771 1
347212.162795 0
347909.633152 2
347560.723519 1
347212.162795 1
346863.950632 1
346516.086682 1
344436.195958 0
342025.384668 0
342712.465887 0
345474.580622 0
346168.570595 0
346863.950632 0
348958.459003 2
346168.570595 2
347560.723519 0
348258.892044 0
348958.459003 0
349659.427198 0
351065.578527 2
352477.368550 2
351770.767291 2
351065.578527 2
350361.799435 2
348258.892044 2
344090.759762 0
341682.359283 0
342368.753421 0
342712.465887 3
343056.522410 3
343400.923333 3
343745.669002 3
344090.759762 3
344436.195958 3
344781.977936 3
345128.106042 0
345821.402024 0
346516.086682 0
348608.500544 2
349308.767771 2
348958.459003 1
348608.500544 1
350713.512948 3
351065.578527 3
351417.996523 2
346516.086682 3
346863.950632 3
347212.162795 0
347560.723519 3
347909.633152 0
348608.500544 0
348958.459003 3
349308.767771 0
351417.996523 2
352123.891182 3
352477.368550 3
352831.199750 2
352477.368550 1
352123.891182 1
351770.767291 1
351417.996523 1
351065.578527 1
350713.512948 1
350361.799435 1
350010.437636 1
349659.427198 1
349308.767771 1
348958.459003 1
348608.500544 1
348258.892044 1
347909.633152 1
345821.402024 2
343745.669002 0
341339.676924 0
342025.384668 0
343400.923333 0
344781.977936 0
348958.459003 2
349659.427198 2
351770.767291 2
346863.950632 0
351770.767291 2
353185.385135 2
351770.767291 2
350361.799435 0
349659.427198 0
347560.723519 0
346168.570595 2
340997.337247 0
341682.359283 0
345128.106042 2
343056.522410 0
342368.753421 2
344436.195958 0
344090.759762 1
343745.669002 1
347212.162795 2
349308.767771 3
349659.427198 3
350010.437636 3
350361.799435 3
350713.512948 3
351065.578527 3
351417.996523 3
351770.767291 3
352123.891182 2
351770.767291 1
351417.996523 1
346516.086682 0
350010.437636 3
350361.799435 3
350713.512948 2
351065.578527 3
351417.996523 3
351770.767291 3
352123.891182 3
352477.368550 3
352831.199750 3
353185.385135 3
353539.925060 2
353185.385135 1
352831.199750 1
352477.368550 1
352123.891182 1
350010.437636 0
349308.767771 0
348958.459003 1
348608.500544 1
348258.892044 1
347909.633152 1
347212.162795 0
346863.950632 1
346516.086682 1
346168.570595 1
345821.402024 1
345474.580622 2
342368.753421 3
342712.465887 2
344090.759762 0
347560.723519 2
348958.459003 0
350361.799435 0
352477.368550 2
352831.199750 2
351065.578527 2
351770.767291 0
353894.819880 2
353185.385135 2
351770.767291 0
348258.892044 0
347560.723519 2
344436.195958 2
345128.106042 2
345821.402024 3
346168.570595 3
346516.086682 2
343056.522410 3
343400.923333 3
343745.669002 0
347212.162795 3
347560.723519 3
347909.633152 3
348258.892044 3
348608.500544 0
350713.512948 2
350361.799435 1
350010.437636 0
352123.891182 3
352477.368550 3
352831.199750 3
353185.385135 3
353539.925060 2
353185.385135 1
352831.199750 1
352477.368550 1
352123.891182 1
351770.767291 1
351417.996523 1
351065.578527 1
350713.512948 1
351417.996523 0
353539.925060 3
353894.819880 3
354250.069950 2
353894.819880 1
353539.925060 1
351417.996523 0
351065.578527 1
350713.512948 1
348608.500544 2
347909.633152 0
347212.162795 3
347560.723519 3
347909.633152 2
348608.500544 2
347909.633152 2
344781.977936 2
345474.580622 2
346863.950632 2
348258.892044 0
351065.578527 2
353894.819880 2
351770.767291 0
351065.578527 0
351065.578527 0
354605.675626 2
351065.578527 0
350361.799435 0
348958.459003 2
347560.723519 0
346863.950632 0
348258.892044 2
348958.459003 2
348258.892044 2
345128.106042 3
345474.580622 3
345821.402024 2
346516.086682 2
346863.950632 3
347212.162795 2
347909.633152 2
348608.500544 2
348258.892044 1
347909.633152 1
347560.723519 1
347212.162795 1
347560.723519 3
347909.633152 0
351417.996523 3
351770.767291 3
352123.891182 3
352477.368550 3
352831.199750 3
353185.385135 3
353539.925060 3
353894.819880 3
354250.069950 2
353894.819880 1
353539.925060 1
351417.996523 0
350713.512948 0
350361.799435 1
350010.437636 1
350361.799435 3
350713.512948 0
354250.069950 3
354605.675626 3
354961.637263 2
350010.437636 3
350361.799435 3
350713.512948 0
350361.799435 1
350010.437636 0
349659.427198 1
349308.767771 1
347212.162795 0
346516.086682 0
348608.500544 3
348958.459003 3
349308.767771 2
348958.459003 1
348608.500544 1
346168.570595 2
346863.950632 2
347560.723519 2
348258.892044 2
348608.500544 3
348958.459003 2
347560.723519 0
351417.996523 0
352477.368550 0
354605.675626 2
353185.385135 0
351065.578527 0
349659.427198 0
355317.955218 2
349659.427198 0
348958.459003 0
349659.427198 2
344436.195958 2
346516.086682 3
346863.950632 3
347212.162795 3
347560.723519 3
347909.633152 2
348258.892044 3
348608.500544 2
349308.767771 2
347212.162795 3
347560.723519 3
347909.633152 2
347560.723519 1
347212.162795 0
350713.512948 3
351065.578527 0
351417.996523 3
351770.767291 3
352123.891182 0
354250.069950 2
354961.637263 2
352831.199750 0
350713.512948 0
350361.799435 1
350010.437636 1
349308.767771 0
354250.069950 3
354605.675626 3
354961.637263 3
355317.955218 3
355674.629848 2
354961.637263 2
354250.069950 2
349308.767771 0
348958.459003 1
348608.500544 0
348258.892044 1
347909.633152 1
347560.723519 1
347212.162795 1
350713.512948 2
350010.437636 3
350361.799435 3
350713.512948 2
344781.977936 2
346168.570595 0
348258.892044 2
348958.459003 2
349659.427198 2
348258.892044 2
351065.578527 0
351770.767291 0
354605.675626 2
355317.955218 2
352477.368550 0
351065.578527 2
354605.675626 0
356031.661510 2
355317.955218 2
354605.675626 2
348958.459003 0
348258.892044 0
347560.723519 0
351065.578527 2
351065.578527 2
345128.106042 3
345474.580622 3
345821.402024 0
347909.633152 3
348258.892044 3
348608.500544 3
348958.459003 3
349308.767771 2
349659.427198 3
350010.437636 2
349308.767771 2
348608.500544 3
348958.459003 3
349308.767771 3
349659.427198 3
350010.437636 3
350361.799435 3
350713.512948 0
351417.996523 0
354961.637263 2
355317.955218 3
355674.629848 2
352123.891182 0
351770.767291 1
351417.996523 1
351065.578527 1
350713.512948 1
350361.799435 1
350010.437636 1
353539.925060 3
353894.819880 3
354250.069950 0
356389.050560 2
356031.661510 1
355674.629848 1
355317.955218 1
354961.637263 1
348608.500544 0
347909.633152 0
347560.723519 1
347212.162795 0
350713.512948 3
351065.578527 3
351417.996523 3
351770.767291 3
352123.891182 2
351770.767291 1
351417.996523 1
349659.427198 2
350361.799435 2
349659.427198 2
348258.892044 0
349659.427198 0
355317.955218 2
356031.661510 2
351065.578527 0
353185.385135 0
356746.797358 2
355317.955218 0
348258.892044 0
347560.723519 0
346863.950632 0
351065.578527 0
352477.368550 2
351770.767291 2
345821.402024 2
347909.633152 3
348258.892044 3
348608.500544 3
348958.459003 3
349308.767771 3
349659.427198 3
350010.437636 3
350361.799435 3
350713.512948 2
350361.799435 1
350010.437636 1
347909.633152 0
348608.500544 3
348958.459003 3
349308.767771 0
354250.069950 3
354605.675626 3
354961.637263 2
355674.629848 3
356031.661510 3
356389.050560 2
356031.661510 1
355674.629848 1
350713.512948 0
354250.069950 2
353539.925060 2
353185.385135 1
352831.199750 0
356389.050560 3
356746.797358 3
357104.902260 2
354961.637263 0
354605.675626 1
354250.069950 1
347909.633152 0
347212.162795 0
346516.086682 0
346168.570595 1
345821.402024 1
350713.512948 0
352831.199750 2
352123.891182 2
346168.570595 2
348958.459003 0
349659.427198 0
351065.578527 2
349659.427198 0
349308.767771 1
348258.892044 0
355317.955218 2
356746.797358 2
350010.437636 3
350361.799435 0
354605.675626 2
353894.819880 2
357463.365626 2
345474.580622 0
350361.799435 0
353185.385135 2
352477.368550 2
346516.086682 3
346863.950632 3
347212.162795 3
347560.723519 3
347909.633152 3
348258.892044 3
348608.500544 0
349308.767771 0
351417.996523 2
349308.767771 0
345821.402024 2
347909.633152 0
355674.629848 2
356389.050560 2
356031.661510 1
355674.629848 1
356031.661510 3
356389.050560 3
356746.797358 3
357104.902260 2
356746.797358 1
356389.050560 1
350010.437636 0
354961.637263 2
354605.675626 1
354250.069950 1
356389.050560 3
356746.797358 3
357104.902260 3
357463.365626 3
357822.187813 3
358181.369183 3
358540.910093 2
358181.369183 1
357822.187813 1
357104.902260 3
357463.365626 3
357822.187813 2
357104.902260 2
345128.106042 0
350010.437636 0
353539.925060 2
353185.385135 1
352831.199750 1
346168.570595 0
346863.950632 0
347560.723519 0
348258.892044 0
347909.633152 1
351770.767291 2
346168.570595 2
347560.723519 0
356031.661510 2
356746.797358 2
356031.661510 0
357463.365626 2
356746.797358 2
355317.955218 2
354605.675626 2
356746.797358 0
357463.365626 0
358900.810904 2
358181.369183 2
357463.365626 2
353894.819880 2
345821.402024 0
346516.086682 0
346863.950632 3
347212.162795 0
347909.633152 0
352831.199750 2
352123.891182 2
351770.767291 1
351417.996523 1
346516.086682 3
346863.950632 3
347212.162795 0
356389.050560 3
356746.797358 3
357104.902260 2
356746.797358 1
356389.050560 1
355674.629848 0
357822.187813 2
357463.365626 1
357104.902260 1
356389.050560 2
356031.661510 1
355674.629848 1
355317.955218 1
354961.637263 1
354605.675626 1
354250.069950 1
356389.050560 0
357104.902260 0
359261.071975 3
359621.693669 3
359982.676346 2
359621.693669 1
359261.071975 1
358900.810904 1
358540.910093 1
358181.369183 1
357822.187813 1
357463.365626 1
357104.902260 1
356746.797358 1
356389.050560 1
354250.069950 3
354605.675626 3
354961.637263 2
345474.580622 0
346168.570595 0
353185.385135 2
352477.368550 2
351770.767291 2
346168.570595 0
356031.661510 0
357463.365626 2
355317.955218 0
358181.369183 2
356746.797358 2
354605.675626 0
353894.819880 0
356031.661510 0
360344.020366 2
358900.810904 2
357463.365626 0
355317.955218 2
345128.106042 0
345821.402024 0
345474.580622 1
345128.106042 1
352831.199750 2
353539.925060 2
353185.385135 1
352831.199750 1
352477.368550 1
352123.891182 1
345821.402024 0
356389.050560 2
356031.661510 1
355674.629848 0
357822.187813 2
358540.910093 2
354961.637263 0
358540.910093 2
358181.369183 1
357822.187813 1
357463.365626 1
357104.902260 1
356746.797358 1
356389.050560 1
354250.069950 0
353894.819880 1
353539.925060 0
355674.629848 0
359261.071975 3
359621.693669 3
359982.676346 3
360344.020366 3
360705.726092 2
360344.020366 1
359982.676346 1
359621.693669 1
359261.071975 1
357104.902260 0
357463.365626 3
357822.187813 2
357463.365626 1
357104.902260 1
356746.797358 1
356389.050560 1
356031.661510 1
355674.629848 1
344781.977936 0
353185.385135 2
353894.819880 2
356746.797358 2
358181.369183 2
358900.810904 2
358900.810904 2
356746.797358 0
353894.819880 0
358900.810904 0
359621.693669 0
361067.793886 2
359621.693669 2
358181.369183 2
357463.365626 2
356031.661510 0
344436.195958 0
352123.891182 3
352477.368550 3
352831.199750 3
353185.385135 3
353539.925060 3
353894.819880 3
354250.069950 3
354605.675626 3
354961.637263 3
355317.955218 3
355674.629848 2
354961.637263 2
357104.902260 3
357463.365626 3
357822.187813 3
358181.369183 3
358540.910093 3
358900.810904 3
359261.071975 2
358900.810904 1
358540.910093 1
359261.071975 2
355674.629848 3
356031.661510 3
356389.050560 0
352831.199750 3
353185.385135 3
353539.925060 0
357104.902260 3
357463.365626 3
357822.187813 3
358181.369183 3
358540.910093 0
359261.071975 0
361430.224110 2
361067.793886 1
360705.726092 1
360344.020366 1
359982.676346 1
359621.693669 1
359261.071975 1
358900.810904 1
358540.910093 1
358181.369183 1
357822.187813 1
355674.629848 0
353539.925060 2
351770.767291 0
352477.368550 0
353185.385135 0
356031.661510 2
355317.955218 2
359621.693669 2
359261.071975 3
359621.693669 2
355317.955218 0
356031.661510 0
352477.368550 0
353185.385135 0
356746.797358 0
358181.369183 0
361793.017127 2
361067.793886 2
358181.369183 0
354961.637263 3
355317.955218 0
353894.819880 2
350713.512948 2
351417.996523 0
351770.767291 3
352123.891182 0
352831.199750 0
352477.368550 1
352123.891182 1
351770.767291 1
351417.996523 1
356389.050560 2
356031.661510 1
355674.629848 1
357822.187813 2
358540.910093 3
358900.810904 3
359261.071975 2
359621.693669 3
359982.676346 2
359621.693669 1
359261.071975 1
359982.676346 2
354961.637263 0
355674.629848 0
352123.891182 0
352477.368550 3
352831.199750 0
356389.050560 0
357104.902260 3
357463.365626 3
357822.187813 0
362883.576570 2
362519.692993 1
362156.173300 1
361430.224110 2
361067.793886 1
360705.726092 1
360344.020366 1
359982.676346 1
357822.187813 0
357463.365626 1
357104.902260 1
354961.637263 0
354605.675626 1
354250.069950 1
351065.578527 2
356746.797358 2
358181.369183 2
359621.693669 2
360344.020366 2
360344.020366 2
354961.637263 3
355317.955218 0
351770.767291 0
352477.368550 0
356031.661510 0
356746.797358 0
363247.824394 2
361793.017127 2
360344.020366 2
357463.365626 2
354605.675626 0
353894.819880 0
351417.996523 2
351770.767291 3
352123.891182 2
352477.368550 3
352831.199750 2
353185.385135 3
353539.925060 3
353894.819880 3
354250.069950 2
356389.050560 3
356746.797358 3
357104.902260 3
357463.365626 3
357822.187813 3
358181.369183 3
358540.910093 3
358900.810904 3
359261.071975 3
359621.693669 3
359982.676346 3
360344.020366 3
360705.726092 3
361067.793886 3
361430.224110 2
361067.793886 1
360705.726092 1
358540.910093 2
354961.637263 0
351417.996523 0
351770.767291 3
352123.891182 0
355674.629848 0
356389.050560 0
362883.576570 3
363247.824394 3
363612.436831 2
362883.576570 2
362519.692993 1
362156.173300 1
361793.017127 1
361430.224110 1
361067.793886 1
360705.726092 1
360344.020366 1
359982.676346 1
357822.187813 2
354250.069950 0
353539.925060 0
351770.767291 2
352477.368550 2
353185.385135 2
354605.675626 2
357104.902260 0
358181.369183 0
358900.810904 0
359982.676346 0
361793.017127 2
360344.020366 0
358900.810904 2
351065.578527 0
356031.661510 0
363977.414245 2
363247.824394 2
361793.017127 0
359621.693669 0
358181.369183 2
352123.891182 3
352477.368550 3
352831.199750 3
353185.385135 3
353539.925060 3
353894.819880 3
354250.069950 3
354605.675626 3
354961.637263 3
355317.955218 3
355674.629848 3
356031.661510 3
356389.050560 3
356746.797358 0
356389.050560 1
357822.187813 0
358181.369183 3
358540.910093 0
358181.369183 1
357822.187813 1
362883.576570 2
362519.692993 1
362156.173300 1
359982.676346 0
359621.693669 1
359261.071975 1
358900.810904 1
358540.910093 1
350713.512948 0
350361.799435 1
350010.437636 1
354961.637263 3
355317.955218 3
355674.629848 0
363612.436831 3
363977.414245 3
364342.757002 2
363977.414245 1
363612.436831 1
361430.224110 0
362156.173300 2
358540.910093 3
358900.810904 3
359261.071975 0
358900.810904 1
358540.910093 1
358181.369183 1
357822.187813 1
357463.365626 1
357104.902260 1
351770.767291 0
352477.368550 0
354605.675626 0
356031.661510 0
357463.365626 0
363247.824394 2
358900.810904 0
349659.427198 0
354605.675626 0
364708.465468 2
362519.692993 2
358181.369183 0
357463.365626 0
351417.996523 0
351770.767291 3
352123.891182 0
352831.199750 3
353185.385135 3
353539.925060 3
353894.819880 3
354250.069950 0
353894.819880 1
353539.925060 1
355674.629848 3
356031.661510 3
356389.050560 3
356746.797358 3
357104.902260 0
356746.797358 1
356389.050560 1
362883.576570 3
363247.824394 3
363612.436831 2
364342.757002 2
363977.414245 1
363612.436831 1
358540.910093 0
358181.369183 1
357822.187813 1
348608.500544 3
348958.459003 3
349308.767771 0
354250.069950 0
363612.436831 2
363977.414245 3
364342.757002 3
364708.465468 3
365074.540008 2
364708.465468 1
364342.757002 1
363977.414245 1
363612.436831 1
363247.824394 1
362883.576570 1
362519.692993 1
362156.173300 1
361793.017127 1
361430.224110 1
357822.187813 0
357104.902260 0
356746.797358 1
356389.050560 1
351770.767291 0
352477.368550 0
353894.819880 0
355317.955218 0
356031.661510 0
363977.414245 2
364708.465468 2
363977.414245 2
348608.500544 0
363977.414245 2
365440.980989 2
363977.414245 0
361067.793886 0
360705.726092 1
356746.797358 0
356031.661510 0
350713.512948 3
351065.578527 3
351417.996523 0
352123.891182 0
351770.767291 1
351417.996523 1
353539.925060 0
353894.819880 3
354250.069950 3
354605.675626 3
354961.637263 0
355674.629848 0
360705.726092 3
361067.793886 3
361430.224110 2
363612.436831 3
363977.414245 3
364342.757002 3
364708.465468 3
365074.540008 2
364708.465468 1
364342.757002 1
366542.506248 2
366174.963741 1
365807.788778 1
365074.540008 2
364342.757002 2
363612.436831 3
363977.414245 3
364342.757002 3
364708.465468 3
365074.540008 3
365440.980989 3
365807.788778 2
363612.436831 0
363247.824394 1
362883.576570 1
362519.692993 1
362156.173300 1
361793.017127 1
361430.224110 1
360705.726092 0
355674.629848 3
356031.661510 3
356389.050560 0
356031.661510 1
355674.629848 0
351065.578527 0
351770.767291 0
353185.385135 0
353894.819880 0
354605.675626 0
360344.020366 0
361793.017127 2
363247.824394 0
363977.414245 0
365440.980989 2
366910.416664 2
365440.980989 2
364708.465468 2
366174.963741 2
363247.824394 2
362519.692993 2
360344.020366 0
350010.437636 3
350361.799435 3
350713.512948 0
351417.996523 0
351770.767291 3
352123.891182 3
352477.368550 3
352831.199750 0
353539.925060 0
354250.069950 0
353894.819880 1
353539.925060 1
359982.676346 0
362156.173300 3
362519.692993 3
362883.576570 0
363612.436831 0
365807.788778 3
366174.963741 3
366542.506248 3
366910.416664 3
367278.695360 2
366910.416664 1
366542.506248 1
366174.963741 1
365807.788778 1
365440.980989 1
365074.540008 1
367278.695360 2
368016.359061 2
367647.342702 1
367278.695360 1
366910.416664 1
366542.506248 1
366174.963741 1
365807.788778 1
363612.436831 2
363247.824394 1
362883.576570 1
362519.692993 1
362156.173300 1
359982.676346 0
359621.693669 1
359261.071975 1
358900.810904 1
358540.910093 1
358181.369183 1
357822.187813 1
349659.427198 0
350361.799435 0
351065.578527 0
353894.819880 2
353894.819880 0
353185.385135 0
359621.693669 0
361793.017127 0
363247.824394 0
365440.980989 0
366174.963741 0
367647.342702 2
365440.980989 0
364708.465468 0
367647.342702 2
368385.744806 2
363977.414245 2
363247.824394 2
361793.017127 0
358181.369183 0
357463.365626 0
349308.767771 0
350010.437636 0
350361.799435 3
350713.512948 0
350361.799435 1
350010.437636 1
353539.925060 3
353894.819880 3
354250.069950 2
353539.925060 0
352831.199750 0
359261.071975 0
361430.224110 0
361793.017127 3
362156.173300 3
362519.692993 3
362883.576570 0
365074.540008 0
365807.788778 0
368016.359061 2
367647.342702 1
367278.695360 1
365074.540008 0
364342.757002 0
368016.359061 3
368385.744806 3
368755.500307 3
369125.625932 3
369496.122055 2
369125.625932 1
368755.500307 1
363612.436831 3
363977.414245 3
364342.757002 2
363977.414245 1
363612.436831 1
361430.224110 0
361067.793886 1
360705.726092 1
358540.910093 2
357822.187813 0
357104.902260 0
348958.459003 0
349659.427198 0
350361.799435 0
354605.675626 2
353185.385135 2
362519.692993 0
368385.744806 2
367647.342702 0
369866.989044 2
363247.824394 0
364708.465468 2
360344.020366 0
358900.810904 2
357463.365626 0
348608.500544 0
349308.767771 0
350010.437636 0
353539.925060 2
354250.069950 2
354961.637263 2
354605.675626 1
354250.069950 1
353894.819880 1
353539.925060 1
359982.676346 3
360344.020366 3
360705.726092 3
361067.793886 3
361430.224110 3
361793.017127 3
362156.173300 0
367278.695360 3
367647.342702 3
368016.359061 3
368385.744806 3
368755.500307 3
369125.625932 3
369496.122055 3
369866.989044 3
370238.227271 3
370609.837108 3
370981.818927 2
367278.695360 0
370981.818927 2
370609.837108 1
370238.227271 1
369866.989044 1
369496.122055 1
362883.576570 0
365074.540008 2
364708.465468 1
364342.757002 1
362156.173300 2
359982.676346 0
359621.693669 1
359261.071975 1
357104.902260 0
356746.797358 1
356389.050560 1
348958.459003 0
349659.427198 0
353894.819880 2
354605.675626 2
355317.955218 2
360344.020366 0
361067.793886 0
361793.017127 0
367647.342702 0
368385.744806 0
369866.989044 0
371354.173100 2
371354.173100 2
369866.989044 0
365440.980989 2
363977.414245 0
362519.692993 2
359621.693669 2
356031.661510 0
347909.633152 3
348258.892044 3
348608.500544 0
349308.767771 0
354250.069950 3
354605.675626 3
354961.637263 3
355317.955218 3
355674.629848 2
356389.050560 2
357104.902260 3
357463.365626 3
357822.187813 2
359982.676346 0
360705.726092 0
361430.224110 0
366542.506248 3
366910.416664 3
367278.695360 0
367647.342702 3
368016.359061 0
368755.500307 2
369496.122055 0
371726.900000 3
372100.000000 3
0.000000 0
372100.000000 1
371726.900000 1
369496.122055 0
367278.695360 2
366910.416664 1
366542.506248 1
366174.963741 1
365807.788778 1
363612.436831 0
363247.824394 1
362883.576570 1
360705.726092 2
359982.676346 2
354961.637263 3
355317.955218 3
355674.629848 0
347560.723519 0
348258.892044 0
348958.459003 0
353894.819880 0
356031.661510 2
356746.797358 2
358181.369183 2
359621.693669 0
360344.020366 0
361067.793886 0
367647.342702 0
369125.625932 2
372100.000000 0
371354.173100 0
369125.625932 0
367647.342702 2
366174.963741 0
365440.980989 0
363247.824394 0
362519.692993 0
361067.793886 2
360344.020366 2
347212.162795 0
347909.633152 0
348608.500544 0
353539.925060 0
353185.385135 1
352831.199750 1
356389.050560 3
356746.797358 3
357104.902260 3
357463.365626 3
357822.187813 3
358181.369183 3
358540.910093 3
358900.810904 3
359261.071975 0
359621.693669 3
359982.676346 0
360705.726092 0
360344.020366 1
359982.676346 1
359621.693669 1
359261.071975 1
367278.695360 0
369496.122055 3
369866.989044 3
370238.227271 3
370609.837108 3
370981.818927 3
371354.173100 3
371726.900000 0
371354.173100 1
370981.818927 0
368755.500307 0
368385.744806 1
368016.359061 1
365807.788778 0
365440.980989 1
365074.540008 0
362883.576570 0
362156.173300 0
361793.017127 1
361430.224110 1
361067.793886 1
360705.726092 1
360344.020366 1
359982.676346 1
359621.693669 1
359261.071975 1
