459222.421881 3
459683.104986 3
460144.249235 2
459683.104986 1
459222.421881 1
461993.446914 2
461530.453467 1
461067.923013 1
463850.059912 2
463385.209852 1
462920.824642 1
462456.903818 1
461993.446914 1
461530.453467 1
461067.923013 1
456467.981489 3
456925.907396 3
457384.291688 2
452821.021154 3
453275.296450 3
453730.026477 3
454185.211689 3
454640.852541 3
455096.949491 3
455553.502994 2
455096.949491 1
454640.852541 1
444721.308456 3
445167.475932 3
445614.090022 3
446061.151173 3
446508.659833 3
446956.616450 3
447405.021471 3
447853.875347 3
448303.178525 3
448752.931457 3
449203.134591 3
449653.788379 3
450104.893273 3
450556.449722 3
451008.458181 3
451460.919100 3
451913.832933 2
451008.458181 2
448303.178525 3
448752.931457 3
449203.134591 2
448752.931457 1
448303.178525 1
447405.021471 2
446956.616450 1
446508.659833 1
446061.151173 1
445614.090022 1
446061.151173 3
446508.659833 3
446956.616450 3
447405.021471 3
447853.875347 3
448303.178525 2
460605.855090 2
462456.903818 2
464315.375287 2
462456.903818 2
460605.855090 0
457843.134823 2
452367.200133 0
454185.211689 0
456010.513507 2
444275.587148 0
446061.151173 0
446956.616450 0
448752.931457 0
449653.788379 0
452367.200133 2
451460.919100 2
449653.788379 2
448752.931457 2
447853.875347 2
445167.475932 0
446061.151173 0
448752.931457 2
460144.249235 3
460605.855090 3
461067.923013 2
460605.855090 1
460144.249235 1
462920.824642 2
463385.209852 3
463850.059912 2
464781.156444 2
464315.375287 1
463850.059912 1
462920.824642 2
460144.249235 0
459683.104986 1
459222.421881 1
458762.199459 1
458302.437260 1
451913.832933 0
452821.021154 3
453275.296450 3
453730.026477 0
456467.981489 2
442941.095768 3
443385.481249 3
443830.311561 0
443385.481249 1
442941.095768 1
445614.090022 0
446508.659833 0
447405.021471 3
447853.875347 3
448303.178525 0
449203.134591 0
451913.832933 3
452367.200133 3
452821.021154 2
452367.200133 1
451913.832933 1
451460.919100 1
451008.458181 1
450556.449722 1
450104.893273 1
449653.788379 1
449203.134591 1
448752.931457 1
448303.178525 1
443830.311561 3
444275.587148 3
444721.308456 0
445614.090022 0
448303.178525 3
448752.931457 3
449203.134591 2
459683.104986 0
461530.453467 2
463385.209852 2
464315.375287 3
464781.156444 3
465247.403848 2
462920.824642 3
463385.209852 2
462920.824642 1
458762.199459 2
456925.907396 2
443385.481249 2
445167.475932 0
446061.151173 0
447853.875347 0
448752.931457 0
451460.919100 0
453275.296450 2
449653.788379 0
449653.788379 2
459222.421881 0
461993.446914 3
462456.903818 3
462920.824642 3
463385.209852 3
463850.059912 2
463850.059912 0
465714.117966 2
465247.403848 1
464781.156444 1
463850.059912 2
464781.156444 2
458302.437260 3
458762.199459 3
459222.421881 2
458762.199459 1
458302.437260 1
455553.502994 3
456010.513507 3
456467.981489 3
456925.907396 3
457384.291688 2
456925.907396 1
456467.981489 1
442941.095768 3
443385.481249 3
443830.311561 3
444275.587148 3
444721.308456 0
445614.090022 0
446508.659833 3
446956.616450 3
447405.021471 0
448303.178525 0
451008.458181 0
453730.026477 2
453275.296450 1
452821.021154 1
448303.178525 3
448752.931457 3
449203.134591 0
451913.832933 2
452821.021154 2
453275.296450 3
453730.026477 2
453275.296450 1
452821.021154 1
452367.200133 1
451913.832933 1
451460.919100 1
451008.458181 1
450556.449722 1
450104.893273 1
461530.453467 0
464315.375287 2
466181.299265 2
465247.403848 2
464315.375287 2
465247.403848 2
459683.104986 2
457843.134823 2
454185.211689 2
452367.200133 2
453275.296450 2
454185.211689 2
452367.200133 0
451460.919100 0
451460.919100 2
450556.449722 2
460144.249235 2
460605.855090 3
461067.923013 0
461530.453467 3
461993.446914 2
464781.156444 3
465247.403848 3
465714.117966 3
466181.299265 3
466648.948213 2
466181.299265 1
465714.117966 1
464781.156444 3
465247.403848 3
465714.117966 2
459222.421881 3
459683.104986 3
460144.249235 2
459683.104986 1
459222.421881 1
458762.199459 1
458302.437260 1
458762.199459 3
459222.421881 2
458302.437260 3
458762.199459 3
459222.421881 2
458762.199459 1
458302.437260 1
455553.502994 2
455096.949491 1
454640.852541 1
454185.211689 1
453730.026477 1
454185.211689 3
454640.852541 2
454185.211689 1
453730.026477 1
454185.211689 3
454640.852541 3
455096.949491 3
455553.502994 2
455096.949491 1
454640.852541 1
450104.893273 3
450556.449722 3
451008.458181 3
451460.919100 3
451913.832933 2
452367.200133 3
452821.021154 3
453275.296450 3
453730.026477 3
454185.211689 3
454640.852541 2
451913.832933 0
451008.458181 0
451913.832933 2
451008.458181 2
460605.855090 2
461530.453467 2
462456.903818 2
464315.375287 0
467117.065278 2
466181.299265 2
460605.855090 2
458762.199459 0
459683.104986 2
459683.104986 2
457843.134823 0
456010.513507 2
455096.949491 2
453275.296450 0
456010.513507 2
452367.200133 2
455096.949491 2
451460.919100 0
452367.200133 2
451460.919100 2
461067.923013 3
461530.453467 3
461993.446914 3
462456.903818 3
462920.824642 3
463385.209852 3
463850.059912 0
463385.209852 1
462920.824642 1
467585.650929 2
464781.156444 3
465247.403848 3
465714.117966 2
466648.948213 2
465714.117966 2
461067.923013 2
458302.437260 0
458762.199459 3
459222.421881 3
459683.104986 3
460144.249235 3
460605.855090 3
461067.923013 2
460144.249235 2
457384.291688 0
456925.907396 1
456467.981489 1
455553.502994 3
456010.513507 3
456467.981489 2
455553.502994 2
452821.021154 0
455553.502994 2
456010.513507 3
456467.981489 2
455553.502994 2
455096.949491 1
454640.852541 1
451913.832933 3
452367.200133 3
452821.021154 2
452367.200133 1
451913.832933 1
454640.852541 3
455096.949491 3
455553.502994 2
451008.458181 0
453730.026477 2
453275.296450 1
452821.021154 1
452367.200133 1
451913.832933 1
464315.375287 2
468054.705635 2
466181.299265 2
467117.065278 2
466181.299265 2
461530.453467 2
461530.453467 2
460605.855090 2
457384.291688 2
456925.907396 2
456010.513507 2
456010.513507 2
456925.907396 2
456010.513507 2
453275.296450 2
456010.513507 2
454185.211689 2
451460.919100 0
465714.117966 3
466181.299265 3
466648.948213 2
466181.299265 1
465714.117966 1
465247.403848 1
464781.156444 1
467585.650929 2
468054.705635 3
468524.229865 2
466648.948213 3
467117.065278 2
466648.948213 1
467117.065278 3
467585.650929 2
466648.948213 2
461993.446914 3
462456.903818 3
462920.824642 3
463385.209852 3
463850.059912 2
462920.824642 2
461993.446914 2
461530.453467 1
461067.923013 1
460144.249235 2
457384.291688 3
457843.134823 3
458302.437260 2
457843.134823 1
457384.291688 1
456925.907396 1
456467.981489 1
456010.513507 1
455553.502994 1
456010.513507 3
456467.981489 2
457384.291688 2
456925.907396 1
456467.981489 1
456010.513507 1
455553.502994 1
455096.949491 1
454640.852541 1
454185.211689 1
453730.026477 1
456467.981489 2
455553.502994 3
456010.513507 3
456467.981489 2
456010.513507 1
455553.502994 1
455096.949491 1
454640.852541 1
450104.893273 3
450556.449722 3
451008.458181 0
467117.065278 2
468054.705635 2
468994.224089 2
467585.650929 2
468054.705635 2
467117.065278 2
464315.375287 2
463385.209852 2
462456.903818 2
460605.855090 2
458762.199459 2
456925.907396 0
456010.513507 0
456925.907396 2
457843.134823 2
456010.513507 2
456925.907396 2
455096.949491 0
456925.907396 2
448303.178525 2
450556.449722 0
468524.229865 2
468054.705635 1
467585.650929 1
470407.031433 2
470878.910344 3
471351.261605 2
468524.229865 3
468994.224089 3
469464.688778 2
468994.224089 1
468524.229865 1
468054.705635 1
467585.650929 1
468054.705635 3
468524.229865 2
468054.705635 1
467585.650929 1
467117.065278 1
466648.948213 1
466181.299265 1
465714.117966 1
465247.403848 1
464781.156444 1
464315.375287 1
463850.059912 1
463385.209852 1
462920.824642 1
462456.903818 1
461993.446914 1
461530.453467 1
461067.923013 1
460605.855090 1
460144.249235 1
459683.104986 1
459222.421881 1
456467.981489 0
455553.502994 0
456010.513507 3
456467.981489 3
456925.907396 3
457384.291688 2
458302.437260 2
455553.502994 3
456010.513507 3
456467.981489 2
455553.502994 3
456010.513507 3
456467.981489 3
456925.907396 3
457384.291688 2
454640.852541 0
457384.291688 2
456925.907396 1
456467.981489 1
448303.178525 3
448752.931457 3
449203.134591 3
449653.788379 3
450104.893273 0
468994.224089 2
470878.910344 2
471824.085691 2
471351.261605 1
469935.624402 2
468994.224089 2
468054.705635 2
468994.224089 2
466181.299265 0
465247.403848 0
461530.453467 0
460605.855090 0
459683.104986 0
457843.134823 2
458762.199459 2
456925.907396 2
455553.502994 0
457843.134823 2
457843.134823 2
456010.513507 0
447853.875347 0
449653.788379 0
469464.688778 3
469935.624402 3
470407.031433 3
470878.910344 3
471351.261605 2
472297.383074 2
471351.261605 2
470878.910344 1
470407.031433 1
469935.624402 1
469464.688778 1
468994.224089 1
468524.229865 1
469464.688778 2
468524.229865 2
465714.117966 0
465247.403848 1
464781.156444 0
464315.375287 1
463850.059912 1
453730.026477 3
454185.211689 3
454640.852541 2
461067.923013 0
460144.249235 0
459222.421881 0
456467.981489 2
455553.502994 3
456010.513507 3
456467.981489 3
456925.907396 3
457384.291688 3
457843.134823 3
458302.437260 3
458762.199459 3
459222.421881 2
458762.199459 1
458302.437260 1
457384.291688 2
458302.437260 2
457384.291688 3
457843.134823 3
458302.437260 3
458762.199459 3
459222.421881 2
458762.199459 1
458302.437260 1
455553.502994 0
447405.021471 0
448303.178525 3
448752.931457 3
449203.134591 0
471824.085691 2
472771.154228 2
471824.085691 2
469935.624402 2
468994.224089 2
464315.375287 0
453275.296450 0
455096.949491 2
459683.104986 0
458762.199459 0
456925.907396 2
456010.513507 0
456925.907396 0
459683.104986 2
458762.199459 2
457843.134823 3
458302.437260 3
458762.199459 2
459683.104986 2
455096.949491 0
446956.616450 0
449653.788379 2
470407.031433 3
470878.910344 3
471351.261605 3
471824.085691 3
472297.383074 2
472771.154228 3
473245.399628 2
472771.154228 1
472297.383074 1
471824.085691 1
471351.261605 1
470407.031433 3
470878.910344 3
471351.261605 2
470878.910344 1
470407.031433 1
469935.624402 1
469464.688778 1
468994.224089 1
468524.229865 1
463850.059912 0
451913.832933 3
452367.200133 3
452821.021154 0
455553.502994 2
458302.437260 3
458762.199459 3
459222.421881 0
458302.437260 0
457843.134823 1
457384.291688 1
454640.852541 3
455096.949491 3
455553.502994 0
456467.981489 0
461067.923013 2
460605.855090 1
460144.249235 1
459683.104986 1
459222.421881 1
457384.291688 0
459222.421881 3
459683.104986 3
460144.249235 3
460605.855090 3
461067.923013 2
460605.855090 1
460144.249235 1
459683.104986 1
459222.421881 1
454640.852541 0
446508.659833 0
449203.134591 3
449653.788379 3
450104.893273 2
469935.624402 0
470878.910344 0
472771.154228 2
473720.119748 2
473245.399628 2
471824.085691 2
470878.910344 2
468994.224089 0
456010.513507 2
457843.134823 0
458762.199459 0
458302.437260 1
461530.453467 2
460605.855090 2
461530.453467 2
459683.104986 2
455096.949491 2
450556.449722 2
469464.688778 0
469935.624402 3
470407.031433 0
473245.399628 2
474195.315063 3
474670.986049 3
475147.133182 2
474670.986049 1
474195.315063 1
473720.119748 1
473245.399628 1
472771.154228 1
472297.383074 1
471824.085691 1
471351.261605 1
468524.229865 0
469464.688778 2
470407.031433 2
454640.852541 3
455096.949491 3
455553.502994 3
456010.513507 3
456467.981489 3
456925.907396 3
457384.291688 0
457843.134823 3
458302.437260 0
466648.948213 3
467117.065278 3
467585.650929 2
467117.065278 1
466648.948213 1
465714.117966 2
462920.824642 2
462456.903818 1
461993.446914 1
461530.453467 1
461067.923013 1
463850.059912 2
462920.824642 2
462456.903818 1
461993.446914 1
461530.453467 1
461067.923013 1
461530.453467 3
461993.446914 2
461067.923013 2
460144.249235 2
455553.502994 3
456010.513507 3
456467.981489 3
456925.907396 3
457384.291688 2
451008.458181 2
470878.910344 2
473720.119748 2
475623.756939 2
472771.154228 0
472771.154228 2
470878.910344 0
469935.624402 2
470878.910344 2
468054.705635 2
466181.299265 0
466181.299265 2
463385.209852 2
464315.375287 2
463385.209852 2
462456.903818 2
462456.903818 2
461530.453467 2
460605.855090 2
457843.134823 2
451460.919100 2
472297.383074 2
471824.085691 1
471351.261605 1
474195.315063 3
474670.986049 3
475147.133182 3
475623.756939 3
476100.857797 2
471351.261605 3
471824.085691 3
472297.383074 0
473245.399628 2
470407.031433 0
475147.133182 2
470407.031433 3
470878.910344 3
471351.261605 3
471824.085691 3
472297.383074 3
472771.154228 3
473245.399628 2
472771.154228 1
472297.383074 1
471824.085691 1
471351.261605 1
470878.910344 1
470407.031433 1
469935.624402 1
469464.688778 1
468994.224089 1
468524.229865 1
465714.117966 0
466181.299265 3
466648.948213 2
463850.059912 3
464315.375287 3
464781.156444 2
463850.059912 3
464315.375287 3
464781.156444 2
464315.375287 1
463850.059912 1
463385.209852 1
462920.824642 1
463850.059912 2
462920.824642 2
462456.903818 1
461993.446914 1
461530.453467 1
461067.923013 1
460605.855090 1
460144.249235 1
459683.104986 1
459222.421881 1
458762.199459 1
458302.437260 1
451913.832933 2
472771.154228 2
470878.910344 0
474670.986049 0
476578.436233 2
471824.085691 0
473720.119748 2
475623.756939 2
471351.261605 0
473720.119748 2
467117.065278 2
465247.403848 2
465247.403848 2
464315.375287 2
463385.209852 2
461530.453467 0
460605.855090 0
457843.134823 0
452367.200133 2
473245.399628 2
470407.031433 0
475147.133182 2
474195.315063 0
477056.492726 2
470407.031433 3
470878.910344 3
471351.261605 0
474195.315063 2
475147.133182 3
475623.756939 3
476100.857797 3
476578.436233 3
477056.492726 2
476578.436233 1
476100.857797 1
475147.133182 2
474670.986049 1
474195.315063 1
473720.119748 1
473245.399628 1
472771.154228 1
472297.383074 1
471824.085691 1
471351.261605 1
470878.910344 1
470407.031433 1
469935.624402 1
469464.688778 1
468994.224089 1
468524.229865 1
468054.705635 1
467585.650929 1
467117.065278 1
466648.948213 1
466181.299265 1
465714.117966 1
466181.299265 3
466648.948213 2
466181.299265 1
465714.117966 1
466648.948213 2
463850.059912 3
464315.375287 3
464781.156444 2
464315.375287 1
463850.059912 1
461067.923013 0
460144.249235 0
457384.291688 2
456467.981489 2
457384.291688 0
452821.021154 2
473720.119748 2
475623.756939 2
477535.027754 2
474670.986049 2
474670.986049 0
477535.027754 2
475623.756939 2
473720.119748 0
472771.154228 0
471824.085691 0
469935.624402 0
468994.224089 0
467117.065278 0
466181.299265 0
467117.065278 2
465247.403848 0
467117.065278 2
465247.403848 2
459683.104986 0
457843.134823 2
456925.907396 2
456925.907396 0
453275.296450 2
474195.315063 3
474670.986049 3
475147.133182 2
476100.857797 3
476578.436233 3
477056.492726 3
477535.027754 3
478014.041795 2
477535.027754 1
477056.492726 1
476578.436233 1
476100.857797 1
475623.756939 1
475147.133182 1
474195.315063 0
478973.508840 2
478493.535331 1
478014.041795 1
477535.027754 1
477056.492726 1
476578.436233 1
476100.857797 1
473245.399628 0
472297.383074 0
471351.261605 0
468524.229865 3
468994.224089 3
469464.688778 0
468524.229865 0
468054.705635 1
467585.650929 1
466648.948213 0
465714.117966 0
466648.948213 2
467117.065278 3
467585.650929 2
464781.156444 0
467585.650929 2
467117.065278 1
466648.948213 1
466181.299265 1
465714.117966 1
462920.824642 2
461993.446914 2
459222.421881 0
458762.199459 1
458302.437260 1
457843.134823 1
457384.291688 1
456925.907396 1
456467.981489 0
453730.026477 2
475623.756939 2
475623.756939 0
478493.535331 2
476578.436233 0
475623.756939 2
479453.962802 2
477535.027754 0
470878.910344 0
468994.224089 0
468054.705635 0
466181.299265 0
467117.065278 2
468054.705635 2
468054.705635 2
467117.065278 2
465247.403848 0
463385.209852 2
462456.903818 2
459683.104986 2
456925.907396 0
456010.513507 0
454185.211689 2
475147.133182 3
475623.756939 3
476100.857797 2
475623.756939 1
475147.133182 0
475623.756939 3
476100.857797 2
478973.508840 2
476100.857797 0
477056.492726 2
476578.436233 1
476100.857797 1
475623.756939 1
475147.133182 1
479934.897700 2
477056.492726 0
478014.041795 2
477535.027754 1
477056.492726 1
476100.857797 2
475623.756939 1
475147.133182 1
470407.031433 0
473245.399628 2
468524.229865 0
467585.650929 0
464781.156444 3
465247.403848 3
465714.117966 0
466648.948213 3
467117.065278 3
467585.650929 2
468054.705635 3
468524.229865 2
468054.705635 1
467585.650929 1
468054.705635 3
468524.229865 2
467585.650929 2
464781.156444 0
464315.375287 1
463850.059912 1
463385.209852 1
462920.824642 1
460144.249235 2
459683.104986 1
459222.421881 1
456467.981489 0
456010.513507 1
455553.502994 0
455096.949491 1
454640.852541 1
476578.436233 2
476578.436233 2
479453.962802 2
477535.027754 2
480416.314014 2
478493.535331 2
476578.436233 2
473720.119748 2
464315.375287 0
466181.299265 2
468054.705635 2
468994.224089 2
468994.224089 2
468054.705635 2
463385.209852 0
462456.903818 0
460605.855090 2
459683.104986 2
456010.513507 0
454185.211689 0
476100.857797 3
476578.436233 3
477056.492726 3
477535.027754 3
478014.041795 2
477535.027754 1
477056.492726 1
479934.897700 2
479453.962802 1
478973.508840 1
478493.535331 1
478014.041795 1
477535.027754 1
477056.492726 1
481863.456275 2
480898.212226 2
479934.897700 2
479453.962802 1
478973.508840 1
478493.535331 1
478014.041795 1
477535.027754 1
477056.492726 1
476578.436233 1
476100.857797 1
475623.756939 1
475147.133182 1
474670.986049 1
474195.315063 1
473720.119748 1
473245.399628 1
472771.154228 1
472297.383074 1
463850.059912 0
466648.948213 3
467117.065278 3
467585.650929 2
468054.705635 3
468524.229865 2
469464.688778 2
468994.224089 1
468524.229865 1
469464.688778 2
468994.224089 1
468524.229865 1
460144.249235 2
462920.824642 0
461993.446914 0
461530.453467 1
461067.923013 1
460605.855090 1
460144.249235 1
455553.502994 0
455096.949491 1
454640.852541 1
454185.211689 1
453730.026477 0
475623.756939 0
478493.535331 2
480416.314014 2
478493.535331 0
482346.803078 2
481380.592819 2
480416.314014 2
478493.535331 2
476578.436233 0
475623.756939 0
474670.986049 0
473720.119748 0
472771.154228 0
471824.085691 0
468054.705635 2
468994.224089 2
469935.624402 2
469935.624402 2
460605.855090 2
462456.903818 0
455096.949491 0
475147.133182 0
478014.041795 3
478493.535331 3
478973.508840 2
478493.535331 1
478014.041795 1
480898.212226 2
478014.041795 0
482830.633712 2
482830.633712 3
483314.948661 2
482830.633712 1
482346.803078 1
481863.456275 1
481380.592819 1
480898.212226 1
479934.897700 2
479453.962802 1
478973.508840 1
476100.857797 0
475147.133182 0
474195.315063 0
473720.119748 1
473245.399628 0
472297.383074 0
471824.085691 1
471351.261605 0
470878.910344 1
470407.031433 1
469935.624402 1
469464.688778 1
468994.224089 1
468524.229865 1
468994.224089 3
469464.688778 3
469935.624402 3
470407.031433 3
470878.910344 3
471351.261605 2
470878.910344 1
470407.031433 1
458302.437260 2
461067.923013 3
461530.453467 3
461993.446914 0
461530.453467 1
461067.923013 1
460605.855090 1
460144.249235 1
453730.026477 3
454185.211689 3
454640.852541 0
451913.832933 2
451460.919100 1
451008.458181 1
474670.986049 0
479453.962802 2
478493.535331 2
481380.592819 2
483314.948661 2
482830.633712 1
483799.748409 2
482346.803078 2
480416.314014 2
475623.756939 0
473720.119748 0
470878.910344 0
469935.624402 0
468994.224089 0
468054.705635 0
471824.085691 2
469935.624402 0
458762.199459 2
460605.855090 0
460605.855090 0
459683.104986 0
454185.211689 0
452367.200133 2
451460.919100 2
474195.315063 0
473720.119748 1
473245.399628 1
479934.897700 2
479453.962802 1
478973.508840 1
481863.456275 2
482830.633712 2
483799.748409 2
484770.804247 2
484285.033443 1
483799.748409 1
482830.633712 2
482346.803078 1
481863.456275 1
480898.212226 2
468524.229865 2
475147.133182 0
472297.383074 3
472771.154228 3
473245.399628 0
472771.154228 1
472297.383074 1
471824.085691 1
471351.261605 1
470878.910344 1
470407.031433 0
469464.688778 0
468524.229865 0
467585.650929 0
474195.315063 2
473720.119748 1
473245.399628 1
472771.154228 1
472297.383074 1
469464.688778 0
459222.421881 3
459683.104986 3
460144.249235 0
459222.421881 3
459683.104986 3
460144.249235 0
459222.421881 0
452821.021154 3
453275.296450 3
453730.026477 0
453275.296450 1
452821.021154 1
452367.200133 1
451913.832933 1
480416.314014 2
481863.456275 3
482346.803078 2
483314.948661 2
484285.033443 2
485257.061308 2
483314.948661 2
481380.592819 2
468994.224089 2
472771.154228 0
469935.624402 0
468054.705635 0
467117.065278 0
474670.986049 2
468994.224089 0
458762.199459 0
459683.104986 0
453275.296450 0
451460.919100 0
478973.508840 3
479453.962802 3
479934.897700 3
480416.314014 3
480898.212226 2
481863.456275 2
482830.633712 3
483314.948661 3
483799.748409 3
484285.033443 3
484770.804247 3
485257.061308 3
485743.805113 2
485257.061308 1
484770.804247 1
484285.033443 1
483799.748409 1
483314.948661 1
482830.633712 1
482346.803078 1
481863.456275 1
469464.688778 3
469935.624402 3
470407.031433 3
470878.910344 3
471351.261605 3
471824.085691 3
472297.383074 0
471824.085691 1
471351.261605 1
468524.229865 3
468994.224089 3
469464.688778 0
468994.224089 1
468524.229865 1
467585.650929 0
467117.065278 1
466648.948213 0
475147.133182 2
474670.986049 1
474195.315063 1
467585.650929 3
468054.705635 3
468524.229865 0
458302.437260 0
457843.134823 1
457384.291688 1
458302.437260 3
458762.199459 3
459222.421881 0
458762.199459 1
458302.437260 1
451913.832933 3
452367.200133 3
452821.021154 0
450104.893273 2
451008.458181 0
481380.592819 2
482346.803078 2
482346.803078 0
483314.948661 0
486231.036149 2
482346.803078 0
468054.705635 0
475623.756939 2
468054.705635 0
457843.134823 0
456925.907396 0
457843.134823 0
458762.199459 0
451008.458181 3
451460.919100 0
452367.200133 0
450556.449722 2
479934.897700 2
480416.314014 3
480898.212226 3
481380.592819 3
481863.456275 3
482346.803078 3
482830.633712 2
481863.456275 0
482830.633712 0
485743.805113 3
486231.036149 3
486718.754904 2
487695.657524 3
488184.842366 3
488674.516883 2
481863.456275 0
460144.249235 3
460605.855090 3
461067.923013 2
461993.446914 2
462456.903818 3
462920.824642 2
463850.059912 2
466648.948213 3
467117.065278 3
467585.650929 0
467117.065278 1
466648.948213 1
478973.508840 2
478493.535331 1
478014.041795 1
477056.492726 2
476578.436233 1
476100.857797 1
476578.436233 3
477056.492726 2
466648.948213 3
467117.065278 3
467585.650929 0
457384.291688 0
456467.981489 0
456925.907396 3
457384.291688 0
458302.437260 0
457843.134823 1
457384.291688 1
451008.458181 0
451913.832933 0
451460.919100 1
451008.458181 1
450556.449722 1
450104.893273 1
480416.314014 2
480416.314014 0
483314.948661 2
487206.961866 2
489164.681565 2
481380.592819 0
461530.453467 2
462456.903818 2
463385.209852 2
464315.375287 2
466181.299265 0
467117.065278 0
479453.962802 2
477535.027754 2
477535.027754 2
467117.065278 0
456010.513507 0
457843.134823 0
456925.907396 0
451460.919100 0
480898.212226 2
479934.897700 0
482830.633712 2
483799.748409 3
484285.033443 3
484770.804247 3
485257.061308 3
485743.805113 2
486718.754904 3
487206.961866 3
487695.657524 2
487206.961866 1
486718.754904 1
489655.336901 2
480898.212226 0
461067.923013 3
461530.453467 3
461993.446914 3
462456.903818 3
462920.824642 3
463385.209852 3
463850.059912 3
464315.375287 3
464781.156444 3
465247.403848 3
465714.117966 0
466648.948213 0
478973.508840 3
479453.962802 3
479934.897700 3
480416.314014 3
480898.212226 2
478014.041795 3
478493.535331 3
478973.508840 2
478014.041795 2
465714.117966 3
466181.299265 3
466648.948213 0
454640.852541 3
455096.949491 3
455553.502994 0
455096.949491 1
455553.502994 2
457384.291688 0
456467.981489 0
450104.893273 2
451008.458181 0
450556.449722 1
450104.893273 1
449653.788379 1
449203.134591 1
481380.592819 2
483314.948661 2
486231.036149 2
488184.842366 2
490146.483385 2
461530.453467 0
465247.403848 0
465714.117966 3
466181.299265 0
478493.535331 0
479453.962802 0
481380.592819 2
479453.962802 2
478493.535331 2
455096.949491 0
456010.513507 3
456467.981489 3
456925.907396 0
450556.449722 2
451460.919100 2
481863.456275 2
482830.633712 3
483314.948661 2
483799.748409 3
484285.033443 3
484770.804247 3
485257.061308 3
485743.805113 2
486718.754904 2
487695.657524 3
488184.842366 2
488674.516883 3
489164.681565 3
489655.336901 2
490146.483385 3
490638.121506 2
490146.483385 1
489655.336901 1
492609.600224 2
461067.923013 0
490638.121506 2
490146.483385 1
489655.336901 1
463850.059912 3
464315.375287 3
464781.156444 0
465714.117966 0
478014.041795 0
478973.508840 0
481863.456275 2
481380.592819 1
480898.212226 1
480416.314014 1
479934.897700 1
479453.962802 1
478973.508840 1
451913.832933 3
452367.200133 3
452821.021154 3
453275.296450 3
453730.026477 3
454185.211689 3
454640.852541 0
455553.502994 0
456467.981489 0
453730.026477 2
451008.458181 3
451460.919100 3
451913.832933 2
451460.919100 1
451008.458181 1
450556.449722 1
450104.893273 1
482346.803078 2
483799.748409 2
486231.036149 2
487206.961866 2
488674.516883 2
490146.483385 2
491130.251758 2
493103.703928 2
491130.251758 2
482346.803078 2
480416.314014 0
479453.962802 0
452367.200133 0
453275.296450 0
454185.211689 0
455096.949491 0
456010.513507 0
454185.211689 2
452367.200133 2
449653.788379 0
482830.633712 3
483314.948661 3
483799.748409 3
484285.033443 3
484770.804247 3
485257.061308 3
485743.805113 3
486231.036149 3
486718.754904 3
487206.961866 3
487695.657524 3
488184.842366 3
488674.516883 3
489164.681565 3
489655.336901 3
490146.483385 3
490638.121506 3
491130.251758 3
491622.874633 2
492609.600224 3
493103.703928 3
493598.302230 2
492609.600224 2
492115.990623 1
491622.874633 1
491130.251758 1
490638.121506 1
490146.483385 1
489655.336901 1
489164.681565 1
488674.516883 1
485743.805113 2
485257.061308 1
484770.804247 1
484285.033443 1
483799.748409 1
483314.948661 1
482830.633712 1
479934.897700 0
478973.508840 0
478493.535331 1
478014.041795 1
447405.021471 2
451913.832933 0
452821.021154 0
453730.026477 0
454640.852541 0
455553.502994 0
455096.949491 1
454640.852541 1
454185.211689 1
453730.026477 1
453275.296450 1
452821.021154 1
452367.200133 1
451913.832933 1
449203.134591 0
482346.803078 0
486231.036149 0
489164.681565 0
490146.483385 0
492115.990623 2
494093.395625 2
493103.703928 2
492115.990623 2
490146.483385 0
489164.681565 0
488184.842366 0
486231.036149 2
482346.803078 0
480416.314014 2
478493.535331 0
477535.027754 0
447853.875347 2
451460.919100 0
453275.296450 0
454185.211689 0
454185.211689 0
453275.296450 0
448752.931457 0
481863.456275 0
481380.592819 1
480898.212226 1
481863.456275 2
484770.804247 3
485257.061308 3
485743.805113 0
488674.516883 3
489164.681565 3
489655.336901 3
490146.483385 2
489655.336901 1
489655.336901 0
492609.600224 3
493103.703928 3
493598.302230 2
494093.395625 3
494588.984610 2
494093.395625 1
493598.302230 1
493103.703928 1
492609.600224 1
489655.336901 0
488674.516883 0
487695.657524 0
487206.961866 1
486718.754904 1
486231.036149 1
485743.805113 1
480898.212226 2
481380.592819 3
481863.456275 0
481380.592819 1
480898.212226 1
478014.041795 0
477535.027754 1
477056.492726 0
448303.178525 2
451008.458181 0
450556.449722 1
450104.893273 1
452821.021154 0
453730.026477 0
452821.021154 3
453275.296450 3
453730.026477 0
452821.021154 0
452367.200133 1
451913.832933 1
447405.021471 3
447853.875347 3
448303.178525 0
481380.592819 0
480416.314014 0
482346.803078 2
488184.842366 0
490638.121506 2
492115.990623 0
494093.395625 2
495085.069680 2
493103.703928 0
492115.990623 0
489164.681565 0
487206.961866 0
486231.036149 0
481380.592819 2
481380.592819 0
480416.314014 0
477535.027754 0
448752.931457 2
450556.449722 0
449653.788379 0
453275.296450 0
453275.296450 0
452367.200133 0
447853.875347 0
480898.212226 0
479934.897700 0
482830.633712 3
483314.948661 3
483799.748409 2
486718.754904 3
487206.961866 3
487695.657524 0
490638.121506 3
491130.251758 3
491622.874633 3
492115.990623 3
492609.600224 2
492115.990623 1
491622.874633 0
494588.984610 3
495085.069680 3
495581.651331 2
492609.600224 0
491622.874633 0
488674.516883 0
483799.748409 2
486718.754904 0
485743.805113 0
480898.212226 3
481380.592819 3
481863.456275 2
480898.212226 0
479934.897700 0
477056.492726 0
446508.659833 2
449203.134591 3
449653.788379 3
450104.893273 0
449203.134591 0
451913.832933 3
452367.200133 3
452821.021154 0
451913.832933 3
452367.200133 3
452821.021154 0
451913.832933 0
451460.919100 1
451008.458181 1
444721.308456 2
447405.021471 0
480416.314014 0
480416.314014 2
484285.033443 2
486231.036149 0
490146.483385 0
491130.251758 0
493103.703928 2
494093.395625 0
496078.730061 2
492115.990623 0
484285.033443 2
486231.036149 0
482346.803078 2
479453.962802 0
446956.616450 2
449653.788379 0
452367.200133 0
452367.200133 0
445167.475932 2
446956.616450 0
479934.897700 0
480898.212226 2
481380.592819 3
481863.456275 2
484770.804247 3
485257.061308 3
485743.805113 0
488674.516883 3
489164.681565 3
489655.336901 0
490638.121506 0
493598.302230 2
494588.984610 2
493598.302230 0
496576.306367 2
491622.874633 0
491130.251758 1
490638.121506 1
490146.483385 1
489655.336901 1
484770.804247 3
485257.061308 3
485743.805113 0
485257.061308 1
484770.804247 1
484285.033443 1
483799.748409 1
483314.948661 1
482830.633712 1
482346.803078 1
481863.456275 1
478973.508840 0
446508.659833 3
446956.616450 3
447405.021471 3
447853.875347 3
448303.178525 3
448752.931457 3
449203.134591 0
448752.931457 1
448303.178525 1
447853.875347 1
447405.021471 1
451913.832933 0
451460.919100 1
451008.458181 1
451913.832933 0
451460.919100 1
451008.458181 1
444721.308456 3
445167.475932 3
445614.090022 3
446061.151173 3
446508.659833 0
481380.592819 2
482346.803078 2
484285.033443 0
485257.061308 0
490146.483385 2
494093.395625 2
495085.069680 2
497074.380748 2
491130.251758 0
484285.033443 0
485257.061308 0
484285.033443 0
481380.592819 0
447853.875347 0
447853.875347 0
451460.919100 0
450556.449722 0
451460.919100 0
446061.151173 0
478973.508840 2
481863.456275 3
482346.803078 3
482830.633712 3
483314.948661 3
483799.748409 0
484770.804247 0
489655.336901 2
490146.483385 3
490638.121506 2
490146.483385 1
489655.336901 1
494588.984610 3
495085.069680 3
495581.651331 3
496078.730061 3
496576.306367 3
497074.380748 3
497572.953702 2
490638.121506 0
481863.456275 3
482346.803078 3
482830.633712 3
483314.948661 3
483799.748409 0
484770.804247 0
484285.033443 1
483799.748409 0
483314.948661 1
482830.633712 1
479934.897700 3
480416.314014 3
480898.212226 0
481380.592819 3
481863.456275 2
481380.592819 1
480898.212226 1
446508.659833 3
446956.616450 3
447405.021471 0
446956.616450 1
446508.659833 1
447405.021471 0
446956.616450 1
446508.659833 1
451008.458181 0
450104.893273 0
451008.458181 0
450556.449722 1
450104.893273 1
447405.021471 2
446956.616450 1
446508.659833 1
445614.090022 0
479453.962802 2
481380.592819 0
483314.948661 0
484285.033443 0
490146.483385 2
491130.251758 2
494093.395625 0
498072.025728 2
483314.948661 0
484285.033443 2
482346.803078 0
479453.962802 0
480416.314014 0
482346.803078 2
480416.314014 0
446956.616450 0
446061.151173 0
446508.659833 3
446956.616450 0
446956.616450 2
450556.449722 0
449653.788379 0
450556.449722 0
447853.875347 2
445167.475932 0
479934.897700 3
480416.314014 3
480898.212226 0
481863.456275 3
482346.803078 3
482830.633712 0
483799.748409 0
490638.121506 2
491622.874633 3
492115.990623 3
492609.600224 2
493598.302230 0
496576.306367 3
497074.380748 3
497572.953702 3
498072.025728 3
498571.597325 2
501579.545952 3
502082.628580 3
502586.214795 3
503090.305100 3
503594.900000 2
482830.633712 0
482346.803078 1
481863.456275 1
484770.804247 2
481863.456275 0
478973.508840 0
479453.962802 3
479934.897700 0
482830.633712 2
479934.897700 0
445614.090022 3
446061.151173 3
446508.659833 0
445614.090022 0
446508.659833 0
447405.021471 2
450104.893273 0
449203.134591 0
449653.788379 3
450104.893273 0
449653.788379 1
449203.134591 1
448752.931457 1
448303.178525 1
447853.875347 1
447405.021471 1
444721.308456 0
479453.962802 0
480416.314014 0
481380.592819 0
482346.803078 0
482830.633712 3
483314.948661 0
491130.251758 2
493103.703928 2
493103.703928 0
492609.600224 1
499071.668994 2
501076.966406 0
504100.000000 2
485257.061308 2
478493.535331 0
483314.948661 2
446061.151173 0
446061.151173 0
447853.875347 2
449653.788379 0
448752.931457 0
449653.788379 0
447405.021471 0
444275.587148 0
478973.508840 0
479934.897700 0
480416.314014 3
480898.212226 0
481863.456275 0
482830.633712 0
491622.874633 3
492115.990623 2
491622.874633 1
493598.302230 2
492609.600224 0
495581.651331 2
495085.069680 1
494588.984610 1
499572.241235 3
500073.314550 3
500574.889439 0
495581.651331 2
0.000000 0
485743.805113 3
486231.036149 3
486718.754904 2
486231.036149 1
485743.805113 1
477056.492726 3
477535.027754 3
478014.041795 0
484770.804247 2
484285.033443 1
483799.748409 1
440284.099438 2
444721.308456 3
445167.475932 3
445614.090022 0
444721.308456 3
445167.475932 3
445614.090022 0
448303.178525 3
448752.931457 3
449203.134591 0
448303.178525 0
449203.134591 0
448752.931457 1
448303.178525 1
447853.875347 1
447405.021471 1
446956.616450 0
446508.659833 1
443830.311561 0
480416.314014 0
482346.803078 0
492609.600224 2
494093.395625 2
496078.730061 2
499071.668994 0
496078.730061 2
487206.961866 2
477535.027754 0
485257.061308 2
483314.948661 0
440725.825263 2
444275.587148 0
445167.475932 0
448752.931457 0
447853.875347 0
447853.875347 0
444721.308456 2
476100.857797 2
477056.492726 2
479934.897700 0
479453.962802 1
478973.508840 1
481863.456275 0
492609.600224 3
493103.703928 3
493598.302230 3
494093.395625 3
494588.984610 3
495085.069680 3
495581.651331 3
496078.730061 3
496576.306367 3
497074.380748 3
497572.953702 3
498072.025728 3
498571.597325 0
498072.025728 1
497572.953702 1
497074.380748 1
496576.306367 1
496078.730061 1
495581.651331 1
486718.754904 3
487206.961866 3
487695.657524 3
488184.842366 3
488674.516883 2
476100.857797 3
476578.436233 3
477056.492726 0
485743.805113 2
482830.633712 0
441167.993256 2
443830.311561 0
444721.308456 0
445614.090022 3
446061.151173 3
446508.659833 3
446956.616450 3
447405.021471 3
447853.875347 3
448303.178525 0
447853.875347 1
447405.021471 0
446956.616450 1
446508.659833 1
447405.021471 0
446956.616450 1
446508.659833 1
446061.151173 1
445614.090022 1
445167.475932 1
444721.308456 1
476578.436233 2
477535.027754 2
479453.962802 0
492115.990623 0
494093.395625 0
498072.025728 0
497074.380748 0
496078.730061 0
495085.069680 0
487206.961866 0
489164.681565 2
486231.036149 2
441610.603860 2
445167.475932 0
446061.151173 0
446956.616450 0
447853.875347 0
446956.616450 0
444275.587148 0
477056.492726 3
477535.027754 3
478014.041795 3
478493.535331 3
478973.508840 0
478493.535331 1
478014.041795 1
477535.027754 1
477056.492726 1
491622.874633 0
492115.990623 3
492609.600224 3
493103.703928 3
493598.302230 0
493103.703928 1
492609.600224 1
492115.990623 1
491622.874633 1
491130.251758 1
491622.874633 2
497572.953702 0
496576.306367 0
495581.651331 0
494588.984610 0
494093.395625 1
493598.302230 1
486718.754904 0
489655.336901 2
488674.516883 2
488184.842366 1
487695.657524 1
487206.961866 1
486718.754904 1
486231.036149 1
485743.805113 1
442053.657517 3
442497.154672 3
442941.095768 3
443385.481249 3
443830.311561 3
444275.587148 3
444721.308456 0
445614.090022 0
446508.659833 0
446956.616450 3
447405.021471 0
444721.308456 3
445167.475932 3
445614.090022 3
446061.151173 3
446508.659833 0
446061.151173 1
445614.090022 1
445167.475932 1
444721.308456 1
443830.311561 0
477535.027754 0
477535.027754 0
493103.703928 0
492115.990623 0
492115.990623 2
497074.380748 0
495085.069680 0
494093.395625 0
490146.483385 2
489655.336901 1
489164.681565 1
487206.961866 0
486231.036149 0
444275.587148 0
446061.151173 0
446956.616450 0
446061.151173 0
445167.475932 0
443385.481249 0
476100.857797 3
476578.436233 3
477056.492726 0
476578.436233 1
476100.857797 1
477056.492726 0
476578.436233 1
476100.857797 1
475623.756939 1
475147.133182 1
491622.874633 3
492115.990623 3
492609.600224 0
491622.874633 0
492609.600224 3
493103.703928 2
492609.600224 1
496576.306367 0
496078.730061 1
495581.651331 1
495085.069680 1
494588.984610 0
493598.302230 0
493103.703928 1
492609.600224 1
492115.990623 1
491622.874633 1
491130.251758 1
490638.121506 1
488674.516883 0
486718.754904 0
485743.805113 0
440284.099438 3
440725.825263 3
441167.993256 3
441610.603860 3
442053.657517 3
442497.154672 3
442941.095768 3
443385.481249 3
443830.311561 0
443385.481249 1
442941.095768 1
445614.090022 0
446061.151173 3
446508.659833 0
443830.311561 2
444721.308456 3
445167.475932 3
445614.090022 0
445167.475932 1
444721.308456 0
442053.657517 3
442497.154672 3
442941.095768 0
475623.756939 0
476578.436233 0
475623.756939 0
474670.986049 0
492115.990623 0
491622.874633 1
493598.302230 2
496078.730061 0
493103.703928 0
492115.990623 0
490146.483385 0
488184.842366 0
485257.061308 0
442497.154672 0
443385.481249 0
445167.475932 0
446061.151173 0
444275.587148 2
445167.475932 0
475147.133182 0
475623.756939 3
476100.857797 0
475623.756939 1
475147.133182 1
474195.315063 3
474670.986049 3
475147.133182 0
474195.315063 0
488674.516883 2
491622.874633 0
488674.516883 2
493598.302230 3
494093.395625 3
494588.984610 3
495085.069680 3
495581.651331 0
495085.069680 1
494588.984610 1
494093.395625 1
493598.302230 1
493103.703928 1
492609.600224 0
491622.874633 0
488674.516883 3
489164.681565 3
489655.336901 0
489164.681565 1
488674.516883 1
488184.842366 1
487695.657524 1
484770.804247 0
484285.033443 1
483799.748409 1
440284.099438 3
440725.825263 3
441167.993256 3
441610.603860 3
442053.657517 0
442941.095768 0
442497.154672 1
442053.657517 1
444721.308456 0
445167.475932 3
445614.090022 0
445167.475932 1
444721.308456 1
442053.657517 2
444721.308456 0
444275.587148 1
443830.311561 1
443385.481249 1
442941.095768 1
442497.154672 1
442053.657517 1
474670.986049 0
489164.681565 2
491130.251758 0
489164.681565 2
493103.703928 0
495085.069680 0
488674.516883 0
488184.842366 0
487206.961866 0
486718.754904 1
483314.948661 0
440725.825263 0
442497.154672 0
441610.603860 0
445167.475932 0
442497.154672 2
444275.587148 0
442497.154672 0
479934.897700 3
480416.314014 3
480898.212226 2
474195.315063 0
482830.633712 2
483314.948661 3
483799.748409 2
488674.516883 3
489164.681565 3
489655.336901 3
490146.483385 3
490638.121506 0
490146.483385 1
489655.336901 1
492609.600224 0
493598.302230 3
494093.395625 3
494588.984610 0
494093.395625 1
493598.302230 1
490638.121506 2
490146.483385 1
489655.336901 1
489164.681565 1
488674.516883 1
488184.842366 1
487695.657524 1
488184.842366 0
487695.657524 1
487206.961866 1
487695.657524 0
486718.754904 0
481863.456275 3
482346.803078 3
482830.633712 0
439401.972523 3
439842.815338 3
440284.099438 0
441167.993256 3
441610.603860 3
442053.657517 0
441167.993256 0
443830.311561 3
444275.587148 3
444721.308456 0
442053.657517 3
442497.154672 3
442941.095768 3
443385.481249 3
443830.311561 0
441167.993256 2
442053.657517 0
441610.603860 1
441167.993256 1
481380.592819 2
483314.948661 2
484285.033443 2
488184.842366 0
490146.483385 0
489164.681565 0
492115.990623 0
494093.395625 0
491130.251758 2
489164.681565 0
487206.961866 0
487206.961866 0
481380.592819 0
482346.803078 0
441610.603860 0
440725.825263 0
444275.587148 0
441610.603860 0
443385.481249 0
441610.603860 2
480898.212226 3
481380.592819 3
481863.456275 2
482830.633712 3
483314.948661 3
483799.748409 2
484770.804247 2
487695.657524 0
488184.842366 3
488674.516883 3
489164.681565 3
489655.336901 0
488674.516883 0
491622.874633 0
492115.990623 3
492609.600224 3
493103.703928 3
493598.302230 0
493103.703928 1
492609.600224 1
492115.990623 1
491622.874633 1
488674.516883 0
487695.657524 2
486718.754904 0
486718.754904 0
478973.508840 3
479453.962802 3
479934.897700 3
480416.314014 3
480898.212226 0
481380.592819 3
481863.456275 0
481380.592819 1
480898.212226 1
439401.972523 3
439842.815338 3
440284.099438 3
440725.825263 3
441167.993256 0
440725.825263 1
440284.099438 0
442941.095768 3
443385.481249 3
443830.311561 0
441167.993256 0
442053.657517 3
442497.154672 3
442941.095768 0
442497.154672 1
442053.657517 1
441610.603860 1
441167.993256 1
440725.825263 1
440284.099438 1
480416.314014 0
482346.803078 2
484285.033443 2
485257.061308 2
487206.961866 0
488184.842366 0
488184.842366 0
491130.251758 0
489164.681565 2
488184.842366 2
486231.036149 0
478493.535331 0
480416.314014 0
481380.592819 0
438961.570550 0
439842.815338 0
440725.825263 0
439842.815338 0
443385.481249 0
442497.154672 0
441610.603860 0
439842.815338 0
479934.897700 0
482830.633712 3
483314.948661 3
483799.748409 3
484285.033443 3
484770.804247 3
485257.061308 3
485743.805113 3
486231.036149 3
486718.754904 0
487695.657524 0
486718.754904 3
487206.961866 3
487695.657524 0
487206.961866 1
486718.754904 1
487695.657524 3
488184.842366 3
488674.516883 3
489164.681565 3
489655.336901 3
490146.483385 3
490638.121506 0
490146.483385 1
489655.336901 1
489164.681565 1
488674.516883 1
484770.804247 3
485257.061308 3
485743.805113 0
478014.041795 0
478973.508840 3
479453.962802 3
479934.897700 0
480898.212226 0
437643.005283 3
438082.087371 3
438521.608980 0
439401.972523 0
440284.099438 0
439401.972523 0
438961.570550 1
438521.608980 1
442941.095768 0
440284.099438 3
440725.825263 3
441167.993256 3
441610.603860 3
442053.657517 0
441610.603860 1
441167.993256 0
440725.825263 1
440284.099438 1
439401.972523 0
