90534.125187 2
91085.257292 3
91177.434727 3
91269.704431 3
91362.066498 3
91454.521019 3
91547.068087 3
91639.707795 3
91732.440235 3
91825.265501 2
92011.194879 2
91918.183684 1
91825.265501 1
91918.183684 3
92011.194879 3
92104.299178 3
92197.496675 3
92290.787462 3
92384.171634 3
92477.649283 3
92571.220504 2
92384.171634 2
91825.265501 3
91918.183684 3
92011.194879 2
90625.750938 2
91177.434727 0
91362.066498 0
91547.068087 0
91918.183684 2
92104.299178 2
91918.183684 0
92664.885389 2
92477.649283 2
92104.299178 2
90717.468406 3
90809.277684 3
90901.178863 3
90993.172035 3
91085.257292 0
91269.704431 0
91454.521019 0
92011.194879 3
92104.299178 3
92197.496675 2
92104.299178 1
92011.194879 1
91918.183684 1
91825.265501 0
92011.194879 2
91825.265501 2
92758.644033 2
92571.220504 2
92011.194879 3
92104.299178 3
92197.496675 2
90809.277684 0
91362.066498 0
91269.704431 1
92290.787462 2
92104.299178 2
91918.183684 2
92852.496530 2
92664.885389 2
92290.787462 2
90534.125187 3
90625.750938 3
90717.468406 0
90625.750938 1
90534.125187 1
90442.591062 1
90351.148471 1
91269.704431 0
92197.496675 3
92290.787462 3
92384.171634 2
92477.649283 3
92571.220504 2
92477.649283 1
92384.171634 1
92290.787462 1
92197.496675 1
92104.299178 1
92011.194879 1
92946.442973 2
92758.644033 2
92571.220504 2
92477.649283 1
92384.171634 1
90442.591062 0
90625.750938 0
90442.591062 0
90259.797322 0
91177.434727 0
92477.649283 2
92664.885389 2
93040.483456 2
92852.496530 2
92664.885389 2
92290.787462 0
90351.148471 0
90534.125187 0
90351.148471 0
90259.797322 1
90168.537525 0
91085.257292 0
90993.172035 1
90901.178863 1
92571.220504 2
92758.644033 3
92852.496530 3
92946.442973 3
93040.483456 2
92946.442973 1
93323.170091 2
93134.618074 2
93040.483456 1
92946.442973 1
92852.496530 1
92758.644033 1
92197.496675 0
90259.797322 0
90077.368987 0
90993.172035 0
92664.885389 2
93134.618074 2
93417.587679 2
93228.846921 2
92852.496530 0
92664.885389 0
92104.299178 0
90168.537525 0
89622.892006 3
89713.605612 3
89804.410022 3
89895.305327 3
89986.291619 0
90901.178863 0
92571.220504 3
92664.885389 3
92758.644033 3
92852.496530 3
92946.442973 3
93040.483456 3
93134.618074 3
93228.846921 3
93323.170091 3
93417.587679 3
93512.099779 2
93417.587679 1
93323.170091 1
92758.644033 0
92571.220504 0
92011.194879 0
90077.368987 0
89532.269114 0
89895.305327 0
89804.410022 1
92477.649283 0
92664.885389 0
92852.496530 0
93040.483456 0
93228.846921 0
93606.706485 2
89986.291619 0
89441.736845 0
89260.943813 2
89804.410022 0
92197.496675 3
92290.787462 3
92384.171634 0
92571.220504 0
92758.644033 0
92946.442973 0
93040.483456 3
93134.618074 0
93701.407893 2
93796.204097 3
93891.095192 2
93986.081274 3
94081.162436 3
94176.338775 3
94271.610385 3
94366.977363 3
94462.439802 2
89895.305327 0
89351.295108 0
89351.295108 2
89713.605612 0
92290.787462 0
92477.649283 0
92664.885389 0
93796.204097 2
93986.081274 2
94557.997800 2
89804.410022 0
89260.943813 0
89441.736845 3
89532.269114 3
89622.892006 0
89532.269114 1
89441.736845 1
92197.496675 0
92384.171634 0
92477.649283 3
92571.220504 0
93512.099779 3
93606.706485 3
93701.407893 3
93796.204097 3
93891.095192 3
93986.081274 3
94081.162436 3
94176.338775 3
94271.610385 3
94366.977363 3
94462.439802 2
94653.651452 2
89713.605612 0
89170.682869 0
89351.295108 0
89532.269114 0
89351.295108 0
92290.787462 0
92477.649283 0
93606.706485 0
93796.204097 0
93986.081274 0
94557.997800 2
94749.400853 2
89622.892006 0
89080.512186 0
89260.943813 0
89441.736845 0
89260.943813 0
89170.682869 1
89080.512186 1
92197.496675 0
92384.171634 0
93323.170091 3
93417.587679 3
93512.099779 0
93606.706485 3
93701.407893 0
93891.095192 0
93796.204097 1
93701.407893 1
94653.651452 3
94749.400853 3
94845.246099 2
89532.269114 0
88990.431674 0
89351.295108 2
89532.269114 2
89170.682869 0
88990.431674 0
92104.299178 0
92290.787462 0
92197.496675 1
93417.587679 0
94557.997800 0
94941.187286 2
89441.736845 0
88900.441242 0
89441.736845 2
89622.892006 2
89080.512186 0
88900.441242 0
92011.194879 0
92197.496675 0
93134.618074 3
93228.846921 3
93323.170091 0
93228.846921 1
93134.618074 1
94081.162436 3
94176.338775 3
94271.610385 3
94366.977363 3
94462.439802 0
95037.224510 2
89351.295108 0
89532.269114 2
89713.605612 2
88810.540801 0
92104.299178 0
93040.483456 0
95133.357868 2
89260.943813 0
89351.295108 3
89441.736845 3
89532.269114 3
89622.892006 2
89804.410022 3
89895.305327 3
89986.291619 2
88720.730260 0
89622.892006 2
92011.194879 0
91918.183684 1
91825.265501 1
91732.440235 1
91639.707795 1
92946.442973 0
92852.496530 1
92758.644033 1
94845.246099 3
94941.187286 3
95037.224510 3
95133.357868 3
95229.587456 2
89170.682869 0
89713.605612 2
90077.368987 2
89713.605612 2
91918.183684 0
92852.496530 0
92664.885389 0
95325.913369 2
89080.512186 0
89622.892006 3
89713.605612 3
89804.410022 2
89986.291619 3
90077.368987 3
90168.537525 2
90077.368987 1
89986.291619 1
89895.305327 1
89804.410022 1
91825.265501 0
91918.183684 3
92011.194879 2
92571.220504 3
92664.885389 3
92758.644033 0
92571.220504 0
95808.991203 2
95712.182212 1
95615.470029 1
95518.854559 1
95422.335705 1
88990.431674 0
88900.441242 1
89895.305327 2
90259.797322 2
91918.183684 2
92104.299178 2
92477.649283 0
92664.885389 0
95905.897100 2
95712.182212 2
88900.441242 0
89804.410022 2
89986.291619 3
90077.368987 3
90168.537525 3
90259.797322 3
90351.148471 2
90259.797322 1
90168.537525 1
90077.368987 1
89986.291619 1
92011.194879 3
92104.299178 3
92197.496675 3
92290.787462 3
92384.171634 0
92571.220504 0
0.000000 0
96100.000000 1
96002.900000 1
95905.897100 1
95808.991203 1
95229.587456 2
88810.540801 0
89895.305327 2
90442.591062 2
90077.368987 0
91918.183684 0
92104.299178 0
92477.649283 0
95905.897100 0
95712.182212 0
95325.913369 2
88720.730260 0
89986.291619 3
90077.368987 3
90168.537525 3
90259.797322 3
90351.148471 3
90442.591062 3
90534.125187 2
89986.291619 0
91639.707795 3
91732.440235 3
91825.265501 0
92011.194879 0
92197.496675 3
92290.787462 3
92384.171634 0
92290.787462 1
92197.496675 1
95808.991203 0
95615.470029 0
95518.854559 1
95422.335705 1
89895.305327 0
90077.368987 0
90625.750938 2
89895.305327 0
92290.787462 0
95325.913369 0
89622.892006 3
89713.605612 3
89804.410022 0
89986.291619 0
89441.736845 2
90717.468406 2
89804.410022 0
89713.605612 1
89622.892006 1
91269.704431 2
91825.265501 3
91918.183684 3
92011.194879 3
92104.299178 3
92197.496675 0
91639.707795 2
91547.068087 1
91454.521019 1
91362.066498 1
91269.704431 1
95229.587456 0
89532.269114 0
89713.605612 0
89895.305327 0
89532.269114 2
90809.277684 2
91362.066498 2
91732.440235 0
91918.183684 0
92104.299178 0
91732.440235 2
95133.357868 0
89441.736845 0
89622.892006 0
89713.605612 3
89804.410022 0
89713.605612 1
89622.892006 1
90901.178863 3
90993.172035 3
91085.257292 3
91177.434727 3
91269.704431 3
91362.066498 3
91454.521019 3
91547.068087 3
91639.707795 0
91825.265501 0
91918.183684 3
92011.194879 0
91918.183684 1
91825.265501 1
91732.440235 1
91639.707795 1
94845.246099 3
94941.187286 3
95037.224510 0
