11904.869557 2
11891.964688 1
11879.072723 1
11866.193650 1
11853.327457 1
11840.474129 1
11827.633655 1
11814.806021 1
11801.991215 1
11917.787345 2
11840.474129 2
11789.189224 0
11930.718063 2
11917.787345 1
11904.869557 1
11891.964688 1
11879.072723 1
11866.193650 1
11853.327457 1
11776.400035 0
11943.661724 2
11891.964688 0
11763.623635 0
11956.618343 2
11879.072723 0
11866.193650 1
11853.327457 1
11725.371042 3
11738.109151 3
11750.860011 0
11969.587931 2
11866.193650 0
11738.109151 0
11982.570501 2
11853.327457 0
12086.900000 3
12100.000000 3
0.000000 0
11725.371042 0
11995.566067 2
12073.813100 0
11712.645671 0
12008.574642 3
12021.596238 3
12034.630869 3
12047.678548 3
12060.739287 0
12047.678548 1
12034.630869 1
11699.933025 0
