751418.167171 2
750665.749004 1
749914.083255 1
754435.379097 2
753679.943717 1
752925.263774 1
757464.690102 2
758223.914016 3
758983.897914 3
759744.642556 3
760506.148705 2
762031.448571 3
762795.243815 3
763559.803618 3
764325.128747 3
765091.219967 2
766625.703749 2
768163.261108 3
768933.194302 3
769703.898200 2
768933.194302 1
768163.261108 1
771247.621195 3
772020.641837 3
772794.436273 3
773569.005278 3
774344.349628 2
773569.005278 1
772794.436273 1
783709.241970 3
784494.736707 3
785281.017724 2
786855.941752 2
788434.020359 2
790015.259863 3
790807.066930 3
791599.666597 2
792393.059656 3
793187.246903 3
793982.229132 3
794778.007139 3
795574.581721 3
796371.953675 2
795574.581721 1
794778.007139 1
793982.229132 1
793187.246903 1
792393.059656 1
791599.666597 1
790015.259863 2
788434.020359 2
787644.586338 1
786855.941752 1
788434.020359 3
789224.244603 3
790015.259863 2
775897.367466 3
776675.042508 3
777453.496004 2
779012.741474 2
771247.621195 3
772020.641837 3
772794.436273 2
774344.349628 2
772794.436273 2
773569.005278 3
774344.349628 3
775120.470098 3
775897.367466 2
774344.349628 2
752171.338510 2
749163.169172 0
755191.570667 2
752171.338510 0
758223.914016 2
761268.417122 2
761268.417122 0
765858.078045 2
767394.097847 2
770475.373574 2
775120.470098 2
773569.005278 2
786068.085810 2
787644.586338 2
789224.244603 2
792393.059656 2
797170.123799 2
790807.066930 0
790807.066930 2
789224.244603 2
790807.066930 2
778232.728733 2
779793.535009 2
773569.005278 2
775120.470098 2
773569.005278 2
776675.042508 2
775120.470098 2
752925.263774 2
748413.006003 0
755948.519186 2
751418.167171 0
758983.897914 2
760506.148705 3
761268.417122 3
762031.448571 2
760506.148705 0
759744.642556 1
758983.897914 1
766625.703749 3
767394.097847 3
768163.261108 2
769703.898200 2
771247.621195 2
769703.898200 2
768163.261108 2
777453.496004 2
775897.367466 2
775120.470098 1
774344.349628 1
785281.017724 3
786068.085810 3
786855.941752 3
787644.586338 3
788434.020359 3
789224.244603 3
790015.259863 2
790807.066930 3
791599.666597 2
793187.246903 2
794778.007139 2
796371.953675 3
797170.123799 3
797969.092891 2
797170.123799 1
796371.953675 1
795574.581721 1
794778.007139 1
790015.259863 0
791599.666597 2
790015.259863 2
788434.020359 2
787644.586338 1
786855.941752 1
791599.666597 2
790015.259863 2
779012.741474 3
779793.535009 3
780575.110119 2
772794.436273 3
773569.005278 3
774344.349628 3
775120.470098 3
775897.367466 2
775120.470098 1
774344.349628 1
775897.367466 3
776675.042508 3
777453.496004 2
776675.042508 1
775897.367466 1
753679.943717 2
752925.263774 1
756706.225412 2
759744.642556 2
762795.243815 2
762031.448571 1
768933.194302 2
770475.373574 2
772020.641837 2
770475.373574 2
768933.194302 2
778232.728733 2
776675.042508 2
773569.005278 0
786068.085810 0
790807.066930 2
792393.059656 2
793982.229132 2
795574.581721 2
798768.861753 2
797170.123799 2
789224.244603 0
792393.059656 2
790807.066930 2
789224.244603 2
792393.059656 2
790807.066930 2
781357.467587 2
776675.042508 2
778232.728733 2
775120.470098 0
754435.379097 2
755948.519186 2
757464.690102 2
756706.225412 1
755948.519186 1
760506.148705 2
762031.448571 2
763559.803618 2
765091.219967 3
765858.078045 3
766625.703749 2
765858.078045 1
765091.219967 1
769703.898200 2
770475.373574 3
771247.621195 2
772794.436273 2
772020.641837 1
771247.621195 1
770475.373574 1
769703.898200 1
779012.741474 2
778232.728733 1
777453.496004 1
772794.436273 0
786855.941752 2
785281.017724 0
790015.259863 2
790807.066930 3
791599.666597 3
792393.059656 3
793187.246903 3
793982.229132 3
794778.007139 2
795574.581721 3
796371.953675 3
797170.123799 3
797969.092891 3
798768.861753 3
799569.431184 2
798768.861753 1
797969.092891 1
790015.259863 2
788434.020359 0
793187.246903 2
792393.059656 1
791599.666597 1
790807.066930 1
790015.259863 1
791599.666597 3
792393.059656 3
793187.246903 2
792393.059656 1
791599.666597 1
790807.066930 1
790015.259863 1
782140.608195 3
782924.532728 3
783709.241970 3
784494.736707 3
785281.017724 2
777453.496004 3
778232.728733 3
779012.741474 2
780575.110119 2
779793.535009 1
779012.741474 1
774344.349628 0
755191.570667 2
756706.225412 2
758223.914016 2
761268.417122 2
762795.243815 2
764325.128747 2
764325.128747 0
767394.097847 2
770475.373574 2
772020.641837 2
773569.005278 2
779793.535009 2
787644.586338 2
790807.066930 2
795574.581721 2
797170.123799 0
800370.801986 2
790807.066930 2
793982.229132 2
793982.229132 2
786068.085810 2
779793.535009 2
781357.467587 2
779793.535009 2
755948.519186 2
757464.690102 2
758983.897914 2
759744.642556 3
760506.148705 2
761268.417122 3
762031.448571 2
763559.803618 3
764325.128747 3
765091.219967 2
763559.803618 0
768163.261108 3
768933.194302 3
769703.898200 3
770475.373574 3
771247.621195 3
772020.641837 3
772794.436273 2
774344.349628 2
773569.005278 1
772794.436273 1
779012.741474 3
779793.535009 3
780575.110119 2
781357.467587 3
782140.608195 2
783709.241970 2
788434.020359 3
789224.244603 3
790015.259863 3
790807.066930 3
791599.666597 3
792393.059656 3
793187.246903 3
793982.229132 3
794778.007139 2
796371.953675 2
797969.092891 2
797170.123799 1
796371.953675 0
801172.974961 2
800370.801986 1
799569.431184 1
791599.666597 3
792393.059656 3
793187.246903 2
794778.007139 2
796371.953675 2
797969.092891 2
796371.953675 2
795574.581721 1
794778.007139 1
780575.110119 3
781357.467587 3
782140.608195 3
782924.532728 3
783709.241970 3
784494.736707 3
785281.017724 3
786068.085810 3
786855.941752 2
779012.741474 2
780575.110119 3
781357.467587 3
782140.608195 2
780575.110119 2
779793.535009 1
779012.741474 1
756706.225412 2
758223.914016 2
759744.642556 2
761268.417122 2
762795.243815 2
765858.078045 2
767394.097847 0
770475.373574 0
773569.005278 2
775120.470098 2
781357.467587 2
782924.532728 2
784494.736707 2
795574.581721 2
797170.123799 2
797969.092891 3
798768.861753 2
801975.950912 2
800370.801986 2
793982.229132 2
795574.581721 2
797170.123799 2
798768.861753 2
797170.123799 2
793982.229132 0
782924.532728 0
784494.736707 0
787644.586338 2
779793.535009 2
782924.532728 2
781357.467587 2
757464.690102 3
758223.914016 3
758983.897914 3
759744.642556 3
760506.148705 3
761268.417122 3
762031.448571 3
762795.243815 3
763559.803618 2
765091.219967 2
766625.703749 2
765858.078045 1
765091.219967 1
766625.703749 0
768163.261108 3
768933.194302 3
769703.898200 0
774344.349628 2
775897.367466 2
777453.496004 3
778232.728733 3
779012.741474 2
782140.608195 3
782924.532728 3
783709.241970 3
784494.736707 3
785281.017724 2
786855.941752 2
791599.666597 3
792393.059656 3
793187.246903 3
793982.229132 3
794778.007139 3
795574.581721 3
796371.953675 2
797969.092891 2
799569.431184 2
801172.974961 3
801975.950912 3
802779.730643 2
801172.974961 2
800370.801986 1
799569.431184 1
794778.007139 3
795574.581721 3
796371.953675 3
797170.123799 3
797969.092891 2
798768.861753 3
799569.431184 2
798768.861753 1
797969.092891 1
793187.246903 0
793982.229132 3
794778.007139 2
793982.229132 1
793187.246903 1
782140.608195 0
782924.532728 3
783709.241970 0
788434.020359 2
780575.110119 3
781357.467587 3
782140.608195 3
782924.532728 3
783709.241970 2
782924.532728 1
782140.608195 1
781357.467587 1
780575.110119 1
756706.225412 0
758983.897914 0
764325.128747 2
765091.219967 3
765858.078045 2
766625.703749 3
767394.097847 2
768163.261108 0
775120.470098 2
776675.042508 2
779793.535009 2
779012.741474 1
786068.085810 2
787644.586338 2
786855.941752 1
797170.123799 2
798768.861753 2
799569.431184 3
800370.801986 2
800370.801986 0
803584.314958 2
802779.730643 1
801975.950912 1
798768.861753 2
800370.801986 2
795574.581721 2
789224.244603 2
780575.110119 0
784494.736707 2
780575.110119 0
755948.519186 0
763559.803618 2
762031.448571 2
763559.803618 3
764325.128747 3
765091.219967 2
766625.703749 2
768163.261108 2
769703.898200 2
768163.261108 2
772794.436273 2
774344.349628 3
775120.470098 3
775897.367466 3
776675.042508 3
777453.496004 3
778232.728733 3
779012.741474 3
779793.535009 3
780575.110119 2
782140.608195 2
781357.467587 1
780575.110119 1
786855.941752 3
787644.586338 3
788434.020359 2
793187.246903 3
793982.229132 3
794778.007139 3
795574.581721 3
796371.953675 3
797170.123799 3
797969.092891 2
799569.431184 2
801172.974961 2
799569.431184 0
804389.704662 2
801172.974961 0
801172.974961 2
800370.801986 1
799569.431184 1
797969.092891 3
798768.861753 3
799569.431184 3
800370.801986 3
801172.974961 2
796371.953675 3
797170.123799 3
797969.092891 2
797170.123799 1
796371.953675 1
795574.581721 1
794778.007139 1
793982.229132 1
793187.246903 1
792393.059656 1
791599.666597 1
790807.066930 1
790015.259863 1
789224.244603 1
788434.020359 1
783709.241970 3
784494.736707 3
785281.017724 2
780575.110119 2
779793.535009 0
779012.741474 1
764325.128747 2
762795.243815 2
765858.078045 2
767394.097847 2
768933.194302 2
770475.373574 2
768933.194302 2
773569.005278 2
776675.042508 0
778232.728733 0
781357.467587 2
782924.532728 2
789224.244603 2
795574.581721 0
798768.861753 2
800370.801986 2
801975.950912 2
805195.900563 2
801975.950912 2
801975.950912 2
798768.861753 2
795574.581721 0
795574.581721 2
793982.229132 2
790807.066930 2
786068.085810 2
781357.467587 2
763559.803618 2
764325.128747 3
765091.219967 2
763559.803618 3
764325.128747 3
765091.219967 3
765858.078045 3
766625.703749 3
767394.097847 3
768163.261108 3
768933.194302 3
769703.898200 2
771247.621195 2
769703.898200 2
774344.349628 2
775120.470098 3
775897.367466 2
777453.496004 2
775897.367466 0
777453.496004 0
782140.608195 3
782924.532728 3
783709.241970 3
784494.736707 3
785281.017724 2
785281.017724 2
790015.259863 3
790807.066930 3
791599.666597 3
792393.059656 3
793187.246903 3
793982.229132 3
794778.007139 0
799569.431184 2
801172.974961 2
802779.730643 3
803584.314958 3
804389.704662 2
805195.900563 3
806002.903467 2
805195.900563 1
804389.704662 1
803584.314958 1
802779.730643 1
801172.974961 2
802779.730643 2
801172.974961 3
801975.950912 3
802779.730643 2
801975.950912 1
801172.974961 1
800370.801986 1
799569.431184 1
794778.007139 0
796371.953675 2
795574.581721 1
794778.007139 1
793982.229132 1
793187.246903 1
792393.059656 1
791599.666597 1
790807.066930 1
790015.259863 1
789224.244603 1
788434.020359 1
787644.586338 1
786855.941752 1
782140.608195 2
781357.467587 1
780575.110119 1
764325.128747 2
765858.078045 2
764325.128747 0
765858.078045 0
767394.097847 0
770475.373574 2
772020.641837 2
770475.373574 2
775120.470098 2
776675.042508 2
778232.728733 2
776675.042508 0
786068.085810 2
786068.085810 2
789224.244603 0
800370.801986 2
801975.950912 2
801172.974961 1
805195.900563 2
806810.714181 2
801975.950912 2
803584.314958 2
803584.314958 2
800370.801986 2
797170.123799 2
793982.229132 0
790807.066930 0
789224.244603 0
786068.085810 0
782924.532728 2
765091.219967 3
765858.078045 3
766625.703749 3
767394.097847 3
768163.261108 2
763559.803618 0
765091.219967 0
766625.703749 0
771247.621195 3
772020.641837 3
772794.436273 2
772020.641837 1
771247.621195 1
775897.367466 2
777453.496004 3
778232.728733 3
779012.741474 2
778232.728733 1
777453.496004 1
776675.042508 1
775897.367466 0
786855.941752 3
787644.586338 3
788434.020359 2
787644.586338 1
786855.941752 1
786855.941752 3
787644.586338 3
788434.020359 0
787644.586338 1
786855.941752 1
797969.092891 3
798768.861753 3
799569.431184 3
800370.801986 3
801172.974961 2
801975.950912 3
802779.730643 2
804389.704662 3
805195.900563 3
806002.903467 2
807619.333514 2
806810.714181 1
806002.903467 1
801172.974961 2
802779.730643 2
804389.704662 2
806002.903467 2
805195.900563 1
804389.704662 1
799569.431184 3
800370.801986 3
801172.974961 2
799569.431184 2
798768.861753 1
797969.092891 1
793187.246903 0
788434.020359 3
789224.244603 3
790015.259863 0
788434.020359 0
787644.586338 1
786855.941752 1
786068.085810 1
785281.017724 0
784494.736707 1
783709.241970 1
782924.532728 1
782140.608195 1
768933.194302 2
773569.005278 2
776675.042508 2
779793.535009 2
789224.244603 2
786068.085810 0
786855.941752 0
801975.950912 2
803584.314958 2
806810.714181 2
808428.762276 2
805195.900563 0
801975.950912 2
803584.314958 2
805195.900563 2
806810.714181 2
801975.950912 2
800370.801986 2
787644.586338 0
784494.736707 0
766625.703749 2
767394.097847 3
768163.261108 2
769703.898200 3
770475.373574 3
771247.621195 3
772020.641837 3
772794.436273 2
772020.641837 1
771247.621195 1
775897.367466 2
775120.470098 1
774344.349628 1
775897.367466 2
777453.496004 3
778232.728733 3
779012.741474 3
779793.535009 3
780575.110119 2
779793.535009 1
779012.741474 1
780575.110119 2
788434.020359 3
789224.244603 3
790015.259863 2
783709.241970 3
784494.736707 3
785281.017724 0
784494.736707 1
783709.241970 1
797969.092891 2
799569.431184 3
800370.801986 3
801172.974961 3
801975.950912 3
802779.730643 3
803584.314958 3
804389.704662 3
805195.900563 3
806002.903467 3
806810.714181 3
807619.333514 2
809239.001278 2
804389.704662 0
802779.730643 3
803584.314958 3
804389.704662 3
805195.900563 3
806002.903467 2
807619.333514 2
806810.714181 1
806002.903467 1
805195.900563 1
804389.704662 1
803584.314958 1
802779.730643 1
801172.974961 2
799569.431184 2
798768.861753 1
797969.092891 1
797170.123799 1
796371.953675 1
785281.017724 3
786068.085810 3
786855.941752 0
786068.085810 1
785281.017724 1
784494.736707 1
783709.241970 0
782924.532728 1
782140.608195 1
781357.467587 1
780575.110119 1
767394.097847 2
768933.194302 2
770475.373574 0
773569.005278 2
776675.042508 2
776675.042508 2
778232.728733 0
781357.467587 2
781357.467587 2
790807.066930 2
798768.861753 2
803584.314958 0
808428.762276 2
810050.051329 2
806810.714181 2
808428.762276 2
803584.314958 2
801975.950912 2
800370.801986 2
784494.736707 0
782924.532728 0
779793.535009 0
768163.261108 3
768933.194302 3
769703.898200 2
768163.261108 3
768933.194302 3
769703.898200 0
774344.349628 3
775120.470098 3
775897.367466 2
777453.496004 2
779012.741474 2
777453.496004 2
776675.042508 1
775897.367466 1
777453.496004 0
782140.608195 3
782924.532728 3
783709.241970 2
782924.532728 1
782140.608195 1
790015.259863 2
791599.666597 3
792393.059656 3
793187.246903 3
793982.229132 3
794778.007139 2
797969.092891 3
798768.861753 3
799569.431184 2
800370.801986 3
801172.974961 3
801975.950912 3
802779.730643 2
804389.704662 2
802779.730643 0
801975.950912 1
801172.974961 1
809239.001278 2
810050.051329 3
810861.913242 2
812488.075906 2
814117.495780 2
812488.075906 2
807619.333514 3
808428.762276 3
809239.001278 2
807619.333514 2
806810.714181 1
806002.903467 1
805195.900563 1
804389.704662 1
803584.314958 1
802779.730643 1
801975.950912 1
801172.974961 1
799569.431184 2
782140.608195 3
782924.532728 3
783709.241970 0
794778.007139 2
780575.110119 3
781357.467587 3
782140.608195 0
774344.349628 2
779012.741474 0
770475.373574 2
774344.349628 2
776675.042508 2
778232.728733 2
779793.535009 2
778232.728733 2
776675.042508 2
784494.736707 2
790807.066930 2
795574.581721 2
797170.123799 0
800370.801986 2
803584.314958 2
805195.900563 2
810050.051329 2
811674.587830 2
813302.378284 2
814933.429209 2
813302.378284 2
810050.051329 2
808428.762276 2
803584.314958 0
803584.314958 2
801975.950912 2
800370.801986 2
799569.431184 1
795574.581721 2
781357.467587 0
775120.470098 2
778232.728733 0
766625.703749 2
771247.621195 2
770475.373574 1
769703.898200 1
774344.349628 3
775120.470098 3
775897.367466 2
777453.496004 2
779012.741474 2
780575.110119 2
779012.741474 2
778232.728733 1
777453.496004 1
785281.017724 2
786855.941752 2
786068.085810 1
785281.017724 1
790015.259863 3
790807.066930 3
791599.666597 2
790807.066930 1
790015.259863 1
794778.007139 3
795574.581721 3
796371.953675 2
797969.092891 2
801172.974961 3
801975.950912 3
802779.730643 3
803584.314958 3
804389.704662 3
805195.900563 3
806002.903467 3
806810.714181 3
807619.333514 2
808428.762276 3
809239.001278 3
810050.051329 3
810861.913242 2
812488.075906 2
814117.495780 2
815750.179389 2
814933.429209 1
814117.495780 1
812488.075906 2
810861.913242 2
810050.051329 1
809239.001278 1
804389.704662 2
802779.730643 0
804389.704662 2
803584.314958 1
802779.730643 1
801975.950912 1
801172.974961 1
796371.953675 3
797170.123799 3
797969.092891 2
796371.953675 2
795574.581721 1
794778.007139 1
780575.110119 0
775897.367466 3
776675.042508 3
777453.496004 0
767394.097847 2
772020.641837 2
776675.042508 2
778232.728733 2
779793.535009 2
781357.467587 2
779793.535009 2
778232.728733 2
786068.085810 2
787644.586338 2
792393.059656 2
797170.123799 2
797969.092891 3
798768.861753 2
800370.801986 0
803584.314958 0
805195.900563 0
808428.762276 2
808428.762276 0
811674.587830 2
813302.378284 2
814933.429209 2
815750.179389 3
816567.747136 2
814933.429209 2
813302.378284 2
811674.587830 2
808428.762276 0
805195.900563 2
805195.900563 2
801172.974961 2
798768.861753 2
797170.123799 2
779793.535009 0
776675.042508 0
768163.261108 2
772794.436273 3
773569.005278 3
774344.349628 3
775120.470098 3
775897.367466 3
776675.042508 3
777453.496004 3
778232.728733 3
779012.741474 2
780575.110119 2
781357.467587 3
782140.608195 2
781357.467587 1
780575.110119 1
779793.535009 1
779012.741474 1
786855.941752 2
788434.020359 2
789224.244603 3
790015.259863 3
790807.066930 3
791599.666597 2
793187.246903 3
793982.229132 3
794778.007139 2
796371.953675 2
797969.092891 2
799569.431184 2
798768.861753 1
799569.431184 0
796371.953675 2
802779.730643 0
804389.704662 0
809239.001278 2
808428.762276 1
809239.001278 2
812488.075906 3
813302.378284 3
814117.495780 2
815750.179389 2
817386.133269 2
816567.747136 1
815750.179389 1
814933.429209 1
814117.495780 1
813302.378284 1
812488.075906 1
807619.333514 0
806810.714181 1
806002.903467 1
805195.900563 1
804389.704662 1
805195.900563 3
806002.903467 2
805195.900563 1
804389.704662 1
803584.314958 1
802779.730643 1
801975.950912 1
801172.974961 1
800370.801986 1
799569.431184 1
798768.861753 1
797969.092891 1
777453.496004 3
778232.728733 3
779012.741474 0
774344.349628 3
775120.470098 3
775897.367466 0
768933.194302 2
772020.641837 0
779793.535009 2
781357.467587 2
782924.532728 2
786855.941752 3
787644.586338 2
789224.244603 2
792393.059656 2
795574.581721 2
797170.123799 2
798768.861753 2
800370.801986 2
797170.123799 2
801975.950912 0
810050.051329 2
810050.051329 3
810861.913242 3
811674.587830 0
814933.429209 2
816567.747136 2
818205.338608 2
814933.429209 0
813302.378284 0
811674.587830 0
806810.714181 2
801975.950912 2
798768.861753 0
797170.123799 0
778232.728733 0
775120.470098 0
769703.898200 2
771247.621195 0
772794.436273 2
774344.349628 2
779012.741474 3
779793.535009 3
780575.110119 3
781357.467587 3
782140.608195 3
782924.532728 3
783709.241970 2
782924.532728 1
782140.608195 1
781357.467587 1
780575.110119 1
788434.020359 3
789224.244603 3
790015.259863 3
790807.066930 3
791599.666597 2
793187.246903 2
793982.229132 3
794778.007139 3
795574.581721 3
796371.953675 2
797969.092891 3
798768.861753 3
799569.431184 3
800370.801986 3
801172.974961 2
799569.431184 2
798768.861753 1
797969.092891 1
801172.974961 0
809239.001278 3
810050.051329 3
810861.913242 2
809239.001278 0
810861.913242 0
815750.179389 3
816567.747136 3
817386.133269 3
818205.338608 3
819025.363972 2
814117.495780 0
812488.075906 0
810861.913242 0
802779.730643 3
803584.314958 3
804389.704662 3
805195.900563 3
806002.903467 3
806810.714181 3
807619.333514 2
806002.903467 2
804389.704662 2
803584.314958 1
802779.730643 1
797969.092891 0
796371.953675 0
775897.367466 3
776675.042508 3
777453.496004 0
776675.042508 1
775897.367466 1
774344.349628 0
770475.373574 2
773569.005278 2
775120.470098 2
784494.736707 2
792393.059656 2
793982.229132 2
797170.123799 2
801975.950912 2
800370.801986 2
800370.801986 0
799569.431184 1
811674.587830 2
819846.210182 2
808428.762276 2
806810.714181 2
805195.900563 2
801975.950912 0
801172.974961 1
795574.581721 0
776675.042508 0
773569.005278 0
771247.621195 2
772794.436273 3
773569.005278 3
774344.349628 2
775897.367466 2
775120.470098 1
774344.349628 1
782140.608195 3
782924.532728 3
783709.241970 3
784494.736707 3
785281.017724 3
786068.085810 3
786855.941752 3
787644.586338 3
788434.020359 3
789224.244603 3
790015.259863 3
790807.066930 3
791599.666597 3
792393.059656 3
793187.246903 3
793982.229132 3
794778.007139 3
795574.581721 3
796371.953675 3
797170.123799 3
797969.092891 3
798768.861753 3
799569.431184 3
800370.801986 3
801172.974961 2
801975.950912 3
802779.730643 2
801975.950912 1
801172.974961 1
800370.801986 1
799569.431184 1
798768.861753 1
799569.431184 0
810861.913242 3
811674.587830 3
812488.075906 2
814117.495780 2
815750.179389 2
817386.133269 2
819025.363972 3
819846.210182 3
820667.878060 2
819025.363972 2
818205.338608 1
817386.133269 1
815750.179389 2
814117.495780 2
813302.378284 1
812488.075906 1
807619.333514 3
808428.762276 3
809239.001278 2
807619.333514 2
806810.714181 1
806002.903467 1
801172.974961 0
793187.246903 3
793982.229132 3
794778.007139 0
774344.349628 3
775120.470098 3
775897.367466 0
775120.470098 1
774344.349628 1
772794.436273 0
772020.641837 2
775120.470098 2
776675.042508 2
784494.736707 0
789224.244603 0
792393.059656 0
798768.861753 0
801975.950912 2
803584.314958 2
813302.378284 2
814933.429209 2
816567.747136 2
818205.338608 2
821490.368428 2
819846.210182 2
818205.338608 2
816567.747136 2
814933.429209 2
810050.051329 2
808428.762276 2
800370.801986 0
799569.431184 1
793982.229132 0
775120.470098 0
773569.005278 0
772020.641837 0
772794.436273 3
773569.005278 3
774344.349628 3
775120.470098 3
775897.367466 3
776675.042508 3
777453.496004 3
778232.728733 3
779012.741474 3
779793.535009 3
780575.110119 3
781357.467587 3
782140.608195 3
782924.532728 3
783709.241970 0
782924.532728 1
782140.608195 1
786855.941752 3
787644.586338 3
788434.020359 0
782140.608195 2
791599.666597 0
790807.066930 1
790015.259863 1
794778.007139 3
795574.581721 3
796371.953675 3
797170.123799 3
797969.092891 0
802779.730643 3
803584.314958 3
804389.704662 2
803584.314958 1
802779.730643 1
809239.001278 2
810861.913242 2
812488.075906 2
814117.495780 3
814933.429209 3
815750.179389 3
816567.747136 3
817386.133269 3
818205.338608 3
819025.363972 3
819846.210182 3
820667.878060 3
821490.368428 3
822313.682111 2
821490.368428 1
820667.878060 1
819025.363972 2
818205.338608 1
817386.133269 1
816567.747136 1
815750.179389 1
814933.429209 1
814117.495780 1
813302.378284 1
812488.075906 1
811674.587830 1
810861.913242 1
810050.051329 1
809239.001278 1
797969.092891 3
798768.861753 3
799569.431184 0
794778.007139 2
793187.246903 0
792393.059656 1
791599.666597 1
774344.349628 0
773569.005278 1
772794.436273 0
772020.641837 1
771247.621195 0
772020.641837 0
779793.535009 0
782924.532728 0
786068.085810 0
782140.608195 3
782924.532728 2
795574.581721 0
801172.974961 3
801975.950912 0
805195.900563 2
809239.001278 3
810050.051329 2
811674.587830 2
813302.378284 2
814933.429209 0
818205.338608 0
823137.819930 2
821490.368428 2
819846.210182 2
813302.378284 0
811674.587830 0
810050.051329 0
808428.762276 0
798768.861753 0
795574.581721 2
792393.059656 0
790807.066930 0
775120.470098 2
772020.641837 0
771247.621195 0
755948.519186 2
756706.225412 3
757464.690102 2
756706.225412 1
755948.519186 1
760506.148705 2
779012.741474 0
779793.535009 3
780575.110119 3
781357.467587 3
782140.608195 0
782924.532728 3
783709.241970 3
784494.736707 3
785281.017724 0
777453.496004 2
783709.241970 3
784494.736707 3
785281.017724 2
786068.085810 3
786855.941752 3
787644.586338 3
788434.020359 2
794778.007139 0
791599.666597 2
801172.974961 0
806002.903467 2
807619.333514 2
810861.913242 2
812488.075906 2
814117.495780 3
814933.429209 3
815750.179389 2
814933.429209 1
814117.495780 0
813302.378284 1
812488.075906 1
817386.133269 0
825615.186471 2
824788.571284 1
823962.782713 1
822313.682111 2
821490.368428 1
820667.878060 1
819846.210182 1
819025.363972 1
818205.338608 1
817386.133269 1
812488.075906 0
810861.913242 0
809239.001278 0
807619.333514 0
796371.953675 3
797170.123799 3
797969.092891 0
797170.123799 1
796371.953675 1
791599.666597 0
790807.066930 1
790015.259863 0
775897.367466 2
771247.621195 0
770475.373574 1
769703.898200 1
756706.225412 2
758223.914016 2
761268.417122 2
782924.532728 0
778232.728733 2
786068.085810 2
789224.244603 2
792393.059656 2
806810.714181 2
808428.762276 2
811674.587830 3
812488.075906 3
813302.378284 2
816567.747136 2
826442.629100 2
824788.571284 2
823137.819930 2
818205.338608 0
816567.747136 0
811674.587830 0
810050.051329 0
797170.123799 0
795574.581721 0
792393.059656 2
789224.244603 0
776675.042508 2
755948.519186 3
756706.225412 3
757464.690102 3
758223.914016 3
758983.897914 2
760506.148705 3
761268.417122 3
762031.448571 2
761268.417122 1
760506.148705 1
759744.642556 1
758983.897914 1
780575.110119 3
781357.467587 3
782140.608195 0
781357.467587 1
780575.110119 1
779793.535009 1
779012.741474 1
778232.728733 1
777453.496004 1
786855.941752 3
787644.586338 3
788434.020359 2
789224.244603 3
790015.259863 3
790807.066930 3
791599.666597 3
792393.059656 3
793187.246903 2
792393.059656 1
791599.666597 1
807619.333514 3
808428.762276 3
809239.001278 3
810050.051329 3
810861.913242 0
814117.495780 3
814933.429209 3
815750.179389 2
816567.747136 3
817386.133269 2
818205.338608 3
819025.363972 2
820667.878060 2
825615.186471 3
826442.629100 3
827270.900000 2
826442.629100 1
825615.186471 1
824788.571284 1
823962.782713 1
823137.819930 1
822313.682111 1
817386.133269 0
815750.179389 0
810861.913242 0
809239.001278 0
808428.762276 1
807619.333514 1
806810.714181 1
806002.903467 1
791599.666597 2
796371.953675 0
795574.581721 1
794778.007139 0
793982.229132 1
793187.246903 1
788434.020359 0
777453.496004 2
775897.367466 2
775120.470098 1
774344.349628 1
756706.225412 0
759744.642556 2
762795.243815 2
779793.535009 0
781357.467587 0
776675.042508 0
789224.244603 2
793982.229132 2
808428.762276 0
816567.747136 2
818205.338608 2
819846.210182 2
821490.368428 2
820667.878060 1
828100.000000 2
823137.819930 0
818205.338608 2
816567.747136 2
810050.051329 0
808428.762276 0
805195.900563 0
792393.059656 2
795574.581721 0
793982.229132 0
778232.728733 2
776675.042508 2
773569.005278 0
754435.379097 2
755191.570667 3
755948.519186 0
760506.148705 3
761268.417122 3
762031.448571 3
762795.243815 3
763559.803618 2
765091.219967 2
777453.496004 3
778232.728733 3
779012.741474 0
779793.535009 3
780575.110119 0
774344.349628 2
775897.367466 3
776675.042508 3
777453.496004 2
776675.042508 1
775897.367466 1
790015.259863 3
790807.066930 3
791599.666597 3
792393.059656 3
793187.246903 3
793982.229132 3
794778.007139 3
795574.581721 3
796371.953675 2
795574.581721 1
794778.007139 1
807619.333514 0
797969.092891 2
809239.001278 2
817386.133269 3
818205.338608 3
819025.363972 3
819846.210182 3
820667.878060 2
822313.682111 2
827270.900000 3
828100.000000 3
0.000000 0
817386.133269 2
822313.682111 0
821490.368428 1
820667.878060 1
819846.210182 1
819025.363972 1
818205.338608 1
817386.133269 1
809239.001278 0
808428.762276 1
807619.333514 0
806810.714181 1
806002.903467 1
804389.704662 0
793187.246903 3
793982.229132 3
794778.007139 0
793187.246903 0
792393.059656 1
791599.666597 1
783709.241970 2
779012.741474 2
778232.728733 1
777453.496004 1
772794.436273 0
755191.570667 2
764325.128747 2
765858.078045 2
775120.470098 2
778232.728733 2
776675.042508 2
792393.059656 0
797170.123799 2
806810.714181 0
798768.861753 2
810050.051329 2
821490.368428 2
823137.819930 2
826442.629100 0
818205.338608 2
821490.368428 0
819025.363972 0
816567.747136 0
806810.714181 0
805195.900563 0
803584.314958 0
793982.229132 0
792393.059656 0
784494.736707 2
779793.535009 2
773569.005278 2
755948.519186 3
756706.225412 3
757464.690102 2
762031.448571 3
762795.243815 3
763559.803618 2
765091.219967 2
766625.703749 2
768163.261108 2
767394.097847 1
766625.703749 1
774344.349628 3
775120.470098 3
775897.367466 3
776675.042508 2
777453.496004 3
778232.728733 3
779012.741474 2
778232.728733 1
777453.496004 1
778232.728733 3
779012.741474 2
783709.241970 2
791599.666597 0
790807.066930 1
790015.259863 1
797969.092891 2
804389.704662 3
805195.900563 3
806002.903467 0
799569.431184 2
810861.913242 2
814117.495780 2
820667.878060 3
821490.368428 3
822313.682111 3
823137.819930 3
823962.782713 3
824788.571284 3
825615.186471 0
824788.571284 1
823962.782713 1
819025.363972 3
819846.210182 3
820667.878060 0
817386.133269 3
818205.338608 0
817386.133269 1
816567.747136 1
815750.179389 0
804389.704662 3
805195.900563 3
806002.903467 0
804389.704662 0
803584.314958 1
802779.730643 0
801975.950912 1
801172.974961 1
793187.246903 0
791599.666597 0
783709.241970 3
784494.736707 3
785281.017724 2
780575.110119 2
779793.535009 1
779012.741474 1
774344.349628 2
758223.914016 2
761268.417122 0
764325.128747 2
765858.078045 2
767394.097847 2
768933.194302 2
777453.496004 2
779793.535009 2
779793.535009 2
784494.736707 2
790807.066930 0
789224.244603 0
798768.861753 2
805195.900563 0
800370.801986 2
811674.587830 2
814933.429209 2
819846.210182 0
821490.368428 0
823137.819930 0
823137.819930 0
819846.210182 0
816567.747136 0
803584.314958 0
801975.950912 0
793982.229132 2
790807.066930 0
786068.085810 2
781357.467587 2
775120.470098 2
757464.690102 2
758983.897914 2
759744.642556 3
760506.148705 0
765091.219967 3
765858.078045 3
766625.703749 2
768163.261108 3
768933.194302 3
769703.898200 2
768933.194302 1
768163.261108 1
775897.367466 3
776675.042508 3
777453.496004 3
778232.728733 3
779012.741474 2
780575.110119 3
781357.467587 3
782140.608195 2
781357.467587 1
780575.110119 1
785281.017724 2
790015.259863 0
789224.244603 1
788434.020359 0
799569.431184 2
802779.730643 3
803584.314958 3
804389.704662 0
801172.974961 2
812488.075906 2
815750.179389 2
819025.363972 0
819846.210182 3
820667.878060 0
822313.682111 0
821490.368428 1
820667.878060 1
822313.682111 0
814117.495780 2
819025.363972 0
818205.338608 1
817386.133269 1
816567.747136 1
815750.179389 1
814933.429209 1
814117.495780 1
802779.730643 0
797969.092891 3
798768.861753 3
799569.431184 3
800370.801986 3
801172.974961 0
800370.801986 1
799569.431184 1
794778.007139 2
790015.259863 0
789224.244603 1
788434.020359 1
787644.586338 1
786855.941752 1
782140.608195 2
781357.467587 1
780575.110119 1
775897.367466 2
758223.914016 2
759744.642556 2
767394.097847 2
770475.373574 2
775120.470098 0
779793.535009 2
782924.532728 2
785281.017724 3
786068.085810 2
800370.801986 2
803584.314958 0
802779.730643 1
801975.950912 1
813302.378284 2
816567.747136 3
817386.133269 3
818205.338608 0
821490.368428 0
814933.429209 2
818205.338608 0
814933.429209 0
801975.950912 0
798768.861753 0
800370.801986 0
795574.581721 2
787644.586338 0
782924.532728 2
776675.042508 2
758983.897914 2
760506.148705 2
762031.448571 2
761268.417122 1
760506.148705 1
768163.261108 2
767394.097847 1
766625.703749 1
771247.621195 2
770475.373574 1
769703.898200 1
774344.349628 0
779012.741474 3
779793.535009 3
780575.110119 3
781357.467587 3
782140.608195 3
782924.532728 3
783709.241970 3
784494.736707 3
785281.017724 2
786855.941752 2
788434.020359 2
799569.431184 3
800370.801986 3
801172.974961 2
802779.730643 3
803584.314958 3
804389.704662 2
802779.730643 2
814117.495780 3
814933.429209 3
815750.179389 0
817386.133269 0
816567.747136 1
815750.179389 1
814933.429209 1
814117.495780 1
813302.378284 1
812488.075906 1
820667.878060 0
815750.179389 3
816567.747136 3
817386.133269 0
816567.747136 1
815750.179389 1
814117.495780 0
799569.431184 2
801172.974961 0
796371.953675 3
797170.123799 3
797969.092891 0
798768.861753 3
799569.431184 0
798768.861753 1
797969.092891 1
797170.123799 1
796371.953675 1
785281.017724 3
786068.085810 3
786855.941752 0
786068.085810 1
785281.017724 1
784494.736707 1
783709.241970 1
782924.532728 1
782140.608195 1
777453.496004 2
759744.642556 2
761268.417122 2
762795.243815 2
768933.194302 2
772020.641837 2
775120.470098 2
782924.532728 0
786068.085810 2
787644.586338 2
789224.244603 2
801975.950912 2
805195.900563 2
803584.314958 2
813302.378284 0
813302.378284 0
819846.210182 0
814933.429209 0
813302.378284 0
800370.801986 2
800370.801986 0
797170.123799 0
786068.085810 0
781357.467587 0
778232.728733 2
760506.148705 2
762031.448571 2
763559.803618 2
768163.261108 3
768933.194302 3
769703.898200 2
771247.621195 2
772794.436273 3
773569.005278 3
774344.349628 2
775120.470098 3
775897.367466 2
777453.496004 3
778232.728733 3
779012.741474 3
779793.535009 3
780575.110119 2
782140.608195 0
786855.941752 3
787644.586338 3
788434.020359 2
790015.259863 2
789224.244603 1
788434.020359 1
802779.730643 3
803584.314958 3
804389.704662 3
805195.900563 3
806002.903467 2
805195.900563 1
804389.704662 1
812488.075906 0
811674.587830 1
810861.913242 1
806002.903467 2
810861.913242 3
811674.587830 3
812488.075906 0
817386.133269 3
818205.338608 3
819025.363972 0
818205.338608 1
817386.133269 1
812488.075906 2
814117.495780 0
813302.378284 1
812488.075906 0
801172.974961 2
799569.431184 0
798768.861753 1
797969.092891 1
793187.246903 3
793982.229132 3
794778.007139 3
795574.581721 3
796371.953675 0
795574.581721 1
794778.007139 1
786855.941752 2
785281.017724 0
784494.736707 1
783709.241970 1
779012.741474 2
780575.110119 0
779793.535009 1
779012.741474 1
761268.417122 2
762795.243815 2
764325.128747 2
770475.373574 2
772020.641837 2
775120.470098 2
776675.042508 2
781357.467587 2
782924.532728 2
789224.244603 2
790807.066930 2
806810.714181 2
811674.587830 0
806002.903467 3
806810.714181 2
811674.587830 0
818205.338608 0
813302.378284 2
812488.075906 1
811674.587830 0
801975.950912 2
798768.861753 2
795574.581721 0
787644.586338 2
782924.532728 0
779793.535009 2
779793.535009 0
778232.728733 0
762031.448571 3
762795.243815 3
763559.803618 3
764325.128747 3
765091.219967 2
769703.898200 3
770475.373574 3
771247.621195 3
772020.641837 3
772794.436273 3
773569.005278 3
774344.349628 2
775897.367466 2
777453.496004 2
776675.042508 1
775897.367466 1
780575.110119 2
781357.467587 3
782140.608195 3
782924.532728 3
783709.241970 2
782924.532728 1
782140.608195 1
790015.259863 3
790807.066930 3
791599.666597 3
792393.059656 3
793187.246903 2
794778.007139 3
795574.581721 3
796371.953675 2
807619.333514 3
808428.762276 3
809239.001278 3
810050.051329 3
810861.913242 0
806002.903467 2
807619.333514 3
808428.762276 3
809239.001278 3
810050.051329 3
810861.913242 0
810050.051329 1
809239.001278 1
817386.133269 0
816567.747136 1
815750.179389 1
814933.429209 1
814117.495780 1
809239.001278 3
810050.051329 3
810861.913242 0
802779.730643 2
801975.950912 1
801172.974961 1
800370.801986 1
799569.431184 1
798768.861753 1
797969.092891 1
793187.246903 3
793982.229132 3
794778.007139 0
790015.259863 2
789224.244603 1
788434.020359 1
780575.110119 3
781357.467587 3
782140.608195 0
781357.467587 1
780575.110119 1
779793.535009 1
779012.741474 0
777453.496004 0
765858.078045 2
770475.373574 0
775120.470098 2
776675.042508 2
778232.728733 2
781357.467587 2
784494.736707 2
793982.229132 2
797170.123799 2
810050.051329 0
806810.714181 2
808428.762276 0
810050.051329 0
816567.747136 0
813302.378284 0
810050.051329 0
803584.314958 2
800370.801986 2
798768.861753 2
792393.059656 0
793982.229132 0
790807.066930 2
782924.532728 2
775897.367466 3
776675.042508 0
760506.148705 3
761268.417122 3
762031.448571 2
766625.703749 3
767394.097847 3
768163.261108 3
768933.194302 3
769703.898200 0
768933.194302 1
768163.261108 1
775897.367466 3
776675.042508 3
777453.496004 3
778232.728733 3
779012.741474 3
779793.535009 3
780575.110119 3
781357.467587 3
782140.608195 2
783709.241970 3
784494.736707 3
785281.017724 2
790015.259863 2
791599.666597 2
792393.059656 3
793187.246903 3
793982.229132 3
794778.007139 2
793982.229132 1
793187.246903 1
797969.092891 2
797170.123799 1
796371.953675 1
807619.333514 3
808428.762276 3
809239.001278 0
808428.762276 1
807619.333514 1
806002.903467 3
806810.714181 3
807619.333514 0
809239.001278 0
814117.495780 3
814933.429209 3
815750.179389 0
810861.913242 2
811674.587830 3
812488.075906 0
811674.587830 1
810861.913242 1
809239.001278 0
804389.704662 2
799569.431184 3
800370.801986 3
801172.974961 2
800370.801986 1
799569.431184 1
791599.666597 0
793187.246903 0
792393.059656 1
791599.666597 1
790807.066930 1
790015.259863 1
785281.017724 2
784494.736707 1
783709.241970 1
782924.532728 1
782140.608195 1
781357.467587 1
780575.110119 1
775897.367466 0
762795.243815 2
767394.097847 0
768933.194302 0
767394.097847 0
775897.367466 0
778232.728733 0
779793.535009 0
782924.532728 2
786068.085810 2
790807.066930 2
792393.059656 2
795574.581721 2
798768.861753 2
808428.762276 0
806810.714181 0
810050.051329 2
813302.378284 0
814933.429209 0
811674.587830 2
808428.762276 0
805195.900563 2
801975.950912 2
792393.059656 0
790807.066930 0
789224.244603 0
786068.085810 2
781357.467587 0
775120.470098 0
762031.448571 3
762795.243815 3
763559.803618 3
764325.128747 3
765091.219967 3
765858.078045 3
766625.703749 0
768163.261108 0
766625.703749 0
774344.349628 3
775120.470098 0
775897.367466 2
777453.496004 0
778232.728733 3
779012.741474 0
783709.241970 3
784494.736707 3
785281.017724 3
786068.085810 3
786855.941752 2
791599.666597 2
792393.059656 3
793187.246903 2
793982.229132 3
794778.007139 2
796371.953675 3
797170.123799 3
797969.092891 3
798768.861753 3
799569.431184 2
798768.861753 1
797969.092891 1
802779.730643 2
807619.333514 0
802779.730643 2
804389.704662 2
805195.900563 3
806002.903467 0
810861.913242 3
811674.587830 3
812488.075906 0
813302.378284 3
814117.495780 0
813302.378284 1
812488.075906 1
804389.704662 3
805195.900563 3
806002.903467 3
806810.714181 3
807619.333514 0
806810.714181 1
806002.903467 1
805195.900563 1
804389.704662 1
803584.314958 1
802779.730643 1
801975.950912 1
801172.974961 1
790015.259863 3
790807.066930 3
791599.666597 0
790015.259863 0
789224.244603 1
788434.020359 0
787644.586338 1
786855.941752 1
779012.741474 3
779793.535009 3
780575.110119 0
772794.436273 3
773569.005278 3
774344.349628 0
761268.417122 0
762795.243815 0
765858.078045 0
766625.703749 3
767394.097847 0
765858.078045 0
776675.042508 2
779793.535009 2
782924.532728 0
787644.586338 2
792393.059656 2
793982.229132 2
795574.581721 2
800370.801986 2
803584.314958 2
806810.714181 0
803584.314958 2
805195.900563 2
806810.714181 2
810861.913242 0
813302.378284 0
811674.587830 0
805195.900563 0
806810.714181 0
803584.314958 0
794778.007139 2
780575.110119 2
786068.085810 0
773569.005278 0
760506.148705 0
762031.448571 0
761268.417122 1
760506.148705 1
765091.219967 0
766625.703749 0
765091.219967 0
766625.703749 2
777453.496004 3
778232.728733 3
779012.741474 3
779793.535009 3
780575.110119 3
781357.467587 3
782140.608195 0
786855.941752 3
787644.586338 3
788434.020359 2
793187.246903 3
793982.229132 3
794778.007139 3
795574.581721 3
796371.953675 3
797170.123799 3
797969.092891 3
798768.861753 3
799569.431184 3
800370.801986 3
801172.974961 3
801975.950912 3
802779.730643 3
803584.314958 3
804389.704662 3
805195.900563 3
806002.903467 0
805195.900563 1
804389.704662 1
805195.900563 3
806002.903467 3
806810.714181 3
807619.333514 3
808428.762276 3
809239.001278 3
810050.051329 0
810861.913242 3
811674.587830 3
812488.075906 0
810861.913242 0
804389.704662 2
804389.704662 0
806002.903467 0
805195.900563 1
804389.704662 1
802779.730643 0
797969.092891 2
796371.953675 2
795574.581721 1
794778.007139 1
780575.110119 3
781357.467587 3
782140.608195 3
782924.532728 3
783709.241970 2
785281.017724 0
774344.349628 3
775120.470098 3
775897.367466 2
775120.470098 1
774344.349628 1
772794.436273 0
767394.097847 2
778232.728733 0
789224.244603 2
792393.059656 0
793982.229132 0
795574.581721 0
798768.861753 0
800370.801986 0
803584.314958 0
805195.900563 0
805195.900563 0
806810.714181 0
811674.587830 0
805195.900563 2
803584.314958 0
801975.950912 0
798768.861753 2
797170.123799 2
793982.229132 0
784494.736707 2
784494.736707 0
776675.042508 2
773569.005278 2
749914.083255 2
757464.690102 3
758223.914016 3
758983.897914 2
759744.642556 3
760506.148705 3
761268.417122 3
762031.448571 2
761268.417122 1
760506.148705 1
768163.261108 3
768933.194302 3
769703.898200 2
777453.496004 0
785281.017724 3
786068.085810 3
786855.941752 3
787644.586338 3
788434.020359 3
789224.244603 3
790015.259863 3
790807.066930 3
791599.666597 0
793187.246903 0
794778.007139 0
796371.953675 3
797170.123799 3
797969.092891 0
799569.431184 0
801172.974961 3
801975.950912 3
802779.730643 0
804389.704662 0
803584.314958 1
802779.730643 1
804389.704662 0
805195.900563 3
806002.903467 0
797969.092891 3
798768.861753 3
799569.431184 2
810861.913242 0
810050.051329 1
809239.001278 1
806002.903467 2
805195.900563 1
804389.704662 1
803584.314958 1
802779.730643 1
801975.950912 1
802779.730643 0
801172.974961 0
800370.801986 1
799569.431184 1
798768.861753 1
797969.092891 1
793187.246903 0
792393.059656 1
791599.666597 1
786855.941752 2
786068.085810 1
785281.017724 1
784494.736707 1
783709.241970 0
779012.741474 2
777453.496004 2
776675.042508 1
775897.367466 1
774344.349628 2
750665.749004 2
759744.642556 2
762795.243815 2
770475.373574 2
787644.586338 0
789224.244603 0
792393.059656 0
800370.801986 0
803584.314958 0
801975.950912 0
803584.314958 0
800370.801986 2
808428.762276 0
807619.333514 1
806810.714181 1
801975.950912 0
801172.974961 1
800370.801986 0
798768.861753 0
790807.066930 0
787644.586338 2
786068.085810 2
779793.535009 2
778232.728733 2
776675.042508 2
775120.470098 2
751418.167171 2
752925.263774 2
760506.148705 3
761268.417122 3
762031.448571 2
763559.803618 3
764325.128747 3
765091.219967 2
764325.128747 1
763559.803618 1
771247.621195 2
782140.608195 3
782924.532728 3
783709.241970 3
784494.736707 3
785281.017724 3
786068.085810 3
786855.941752 0
787644.586338 3
788434.020359 0
790015.259863 3
790807.066930 3
791599.666597 0
790807.066930 1
790015.259863 1
789224.244603 1
788434.020359 1
783709.241970 2
797969.092891 3
798768.861753 3
799569.431184 0
801172.974961 3
801975.950912 3
802779.730643 0
801172.974961 0
802779.730643 0
801975.950912 1
801172.974961 1
799569.431184 2
801172.974961 2
802779.730643 2
807619.333514 0
806002.903467 0
794778.007139 2
793982.229132 1
793187.246903 1
801172.974961 0
799569.431184 0
797969.092891 0
786855.941752 2
785281.017724 2
790015.259863 0
789224.244603 1
788434.020359 1
787644.586338 1
786855.941752 1
782140.608195 2
781357.467587 1
780575.110119 1
779793.535009 1
779012.741474 1
778232.728733 1
777453.496004 1
776675.042508 1
775897.367466 1
752171.338510 2
753679.943717 2
762795.243815 2
765858.078045 2
772020.641837 2
782924.532728 0
787644.586338 0
789224.244603 0
787644.586338 0
784494.736707 2
800370.801986 0
800370.801986 0
801975.950912 0
800370.801986 0
800370.801986 2
801975.950912 2
803584.314958 2
806810.714181 0
805195.900563 0
795574.581721 2
800370.801986 0
798768.861753 0
787644.586338 2
786068.085810 2
786068.085810 0
782924.532728 2
781357.467587 2
778232.728733 0
752925.263774 3
753679.943717 3
754435.379097 2
762031.448571 3
762795.243815 3
763559.803618 3
764325.128747 3
765091.219967 2
766625.703749 2
771247.621195 3
772020.641837 3
772794.436273 2
774344.349628 2
782140.608195 0
781357.467587 1
780575.110119 1
785281.017724 3
786068.085810 3
786855.941752 0
783709.241970 2
786855.941752 3
787644.586338 3
788434.020359 0
786855.941752 0
785281.017724 2
786855.941752 2
787644.586338 3
788434.020359 2
799569.431184 0
797969.092891 3
798768.861753 3
799569.431184 0
800370.801986 3
801172.974961 0
800370.801986 1
799569.431184 0
800370.801986 3
801172.974961 3
801975.950912 3
802779.730643 3
803584.314958 3
804389.704662 3
805195.900563 3
806002.903467 0
805195.900563 1
804389.704662 0
796371.953675 2
797969.092891 3
798768.861753 3
799569.431184 0
798768.861753 1
797969.092891 0
797170.123799 1
796371.953675 1
788434.020359 2
786855.941752 2
782140.608195 2
782924.532728 3
783709.241970 3
784494.736707 3
785281.017724 0
784494.736707 1
783709.241970 1
782924.532728 1
782140.608195 1
777453.496004 0
776675.042508 1
775897.367466 1
771247.621195 2
755191.570667 2
765858.078045 2
767394.097847 2
773569.005278 2
775120.470098 2
781357.467587 0
786068.085810 0
785281.017724 1
784494.736707 1
786068.085810 0
786068.085810 2
787644.586338 2
789224.244603 2
788434.020359 1
796371.953675 3
797170.123799 0
798768.861753 0
801975.950912 0
805195.900563 0
797170.123799 2
797170.123799 0
798768.861753 0
795574.581721 0
789224.244603 2
787644.586338 2
782924.532728 2
783709.241970 0
782924.532728 0
775897.367466 0
772020.641837 2
754435.379097 3
755191.570667 3
755948.519186 2
763559.803618 3
764325.128747 3
765091.219967 3
765858.078045 3
766625.703749 3
767394.097847 3
768163.261108 2
772794.436273 3
773569.005278 3
774344.349628 3
775120.470098 3
775897.367466 2
780575.110119 0
779012.741474 2
783709.241970 3
784494.736707 3
785281.017724 0
783709.241970 0
784494.736707 3
785281.017724 0
784494.736707 1
783709.241970 1
784494.736707 3
785281.017724 3
786068.085810 3
786855.941752 3
787644.586338 3
788434.020359 2
790015.259863 2
791599.666597 2
796371.953675 0
794778.007139 3
795574.581721 3
796371.953675 3
797170.123799 3
797969.092891 0
797170.123799 1
796371.953675 1
801172.974961 0
801975.950912 3
802779.730643 3
803584.314958 3
804389.704662 0
796371.953675 3
797170.123799 3
797969.092891 2
797170.123799 1
796371.953675 0
797969.092891 0
793187.246903 2
793982.229132 3
794778.007139 0
790015.259863 2
789224.244603 1
788434.020359 1
783709.241970 2
782140.608195 2
780575.110119 3
781357.467587 3
782140.608195 0
772794.436273 3
773569.005278 3
774344.349628 3
775120.470098 0
774344.349628 1
773569.005278 1
772794.436273 1
756706.225412 2
764325.128747 0
768933.194302 2
773569.005278 0
776675.042508 2
779793.535009 0
779793.535009 2
784494.736707 0
784494.736707 0
784494.736707 0
789224.244603 2
790807.066930 2
792393.059656 2
795574.581721 0
793982.229132 0
795574.581721 0
797170.123799 0
801975.950912 0
803584.314958 0
798768.861753 2
797170.123799 0
793982.229132 2
793982.229132 0
790807.066930 2
784494.736707 2
782924.532728 2
781357.467587 0
773569.005278 0
755948.519186 3
756706.225412 3
757464.690102 2
758983.897914 2
763559.803618 0
768163.261108 3
768933.194302 3
769703.898200 3
770475.373574 3
771247.621195 3
772020.641837 3
772794.436273 0
777453.496004 3
778232.728733 3
779012.741474 0
779793.535009 3
780575.110119 3
781357.467587 3
782140.608195 3
782924.532728 3
783709.241970 0
782924.532728 1
782140.608195 1
783709.241970 0
782140.608195 3
782924.532728 3
783709.241970 0
788434.020359 3
789224.244603 3
790015.259863 3
790807.066930 3
791599.666597 3
792393.059656 3
793187.246903 3
793982.229132 3
794778.007139 0
793982.229132 1
793187.246903 0
794778.007139 0
796371.953675 0
797170.123799 3
797969.092891 3
798768.861753 3
799569.431184 3
800370.801986 3
801172.974961 0
801975.950912 3
802779.730643 0
801975.950912 1
801172.974961 1
800370.801986 1
799569.431184 1
794778.007139 2
796371.953675 0
795574.581721 1
794778.007139 1
793187.246903 0
792393.059656 1
791599.666597 1
786855.941752 2
786068.085810 1
785281.017724 1
783709.241970 2
782924.532728 1
782140.608195 1
780575.110119 0
779793.535009 1
779012.741474 1
771247.621195 2
772794.436273 0
772020.641837 1
771247.621195 1
758223.914016 2
759744.642556 2
758983.897914 1
767394.097847 0
768933.194302 0
776675.042508 0
779793.535009 0
781357.467587 0
781357.467587 0
790807.066930 0
793982.229132 0
792393.059656 0
791599.666597 1
795574.581721 0
797170.123799 0
800370.801986 0
801975.950912 0
800370.801986 0
798768.861753 0
795574.581721 2
794778.007139 0
792393.059656 0
787644.586338 2
784494.736707 2
779793.535009 0
772020.641837 2
772020.641837 0
770475.373574 0
757464.690102 3
758223.914016 3
758983.897914 3
759744.642556 3
760506.148705 2
765091.219967 3
765858.078045 3
766625.703749 0
767394.097847 3
768163.261108 0
767394.097847 1
766625.703749 1
768163.261108 2
775897.367466 0
774344.349628 2
779012.741474 0
778232.728733 1
777453.496004 1
776675.042508 1
775897.367466 1
780575.110119 0
779012.741474 3
779793.535009 3
780575.110119 0
785281.017724 3
786068.085810 3
786855.941752 3
787644.586338 3
788434.020359 3
789224.244603 3
790015.259863 0
790807.066930 3
791599.666597 3
792393.059656 3
793187.246903 0
791599.666597 0
790015.259863 2
794778.007139 0
795574.581721 3
796371.953675 0
797170.123799 3
797969.092891 3
798768.861753 3
799569.431184 0
800370.801986 3
801172.974961 0
800370.801986 1
799569.431184 0
797969.092891 0
797170.123799 1
796371.953675 1
791599.666597 2
790015.259863 3
790807.066930 3
791599.666597 0
790807.066930 1
790015.259863 1
789224.244603 1
788434.020359 1
787644.586338 1
786855.941752 1
786068.085810 1
785281.017724 1
784494.736707 1
783709.241970 1
779012.741474 0
771247.621195 3
772020.641837 3
772794.436273 2
771247.621195 0
769703.898200 0
761268.417122 2
764325.128747 0
765858.078045 0
767394.097847 0
768163.261108 3
768933.194302 2
775120.470098 0
775120.470098 2
778232.728733 0
775897.367466 0
777453.496004 2
781357.467587 2
786068.085810 0
789224.244603 0
788434.020359 2
790807.066930 2
793982.229132 0
795574.581721 0
792393.059656 2
782924.532728 0
779793.535009 2
773569.005278 2
772020.641837 2
770475.373574 2
752925.263774 2
760506.148705 3
761268.417122 3
762031.448571 3
762795.243815 3
763559.803618 0
764325.128747 3
765091.219967 0
766625.703749 0
768163.261108 2
769703.898200 2
774344.349628 0
775897.367466 3
776675.042508 3
777453.496004 0
772794.436273 2
777453.496004 3
778232.728733 3
779012.741474 3
779793.535009 3
780575.110119 3
781357.467587 3
782140.608195 3
782924.532728 3
783709.241970 3
784494.736707 3
785281.017724 0
786855.941752 3
787644.586338 3
788434.020359 0
787644.586338 1
786855.941752 1
788434.020359 3
789224.244603 3
790015.259863 3
790807.066930 3
791599.666597 3
792393.059656 3
793187.246903 0
792393.059656 1
791599.666597 1
790807.066930 1
790015.259863 1
789224.244603 1
788434.020359 1
787644.586338 1
786855.941752 1
786068.085810 1
785281.017724 1
793187.246903 3
793982.229132 3
794778.007139 0
793982.229132 1
793187.246903 1
792393.059656 1
791599.666597 1
790807.066930 1
790015.259863 1
789224.244603 1
788434.020359 1
787644.586338 1
786855.941752 1
786068.085810 1
785281.017724 1
780575.110119 3
781357.467587 3
782140.608195 0
781357.467587 1
780575.110119 1
775897.367466 2
775120.470098 1
774344.349628 1
773569.005278 1
772794.436273 1
772020.641837 1
771247.621195 1
753679.943717 2
762795.243815 0
765858.078045 2
767394.097847 2
768933.194302 2
770475.373574 2
773569.005278 0
776675.042508 0
773569.005278 2
776675.042508 0
779793.535009 0
782924.532728 0
786068.085810 0
786855.941752 0
789224.244603 0
792393.059656 0
789224.244603 0
786068.085810 0
786068.085810 2
792393.059656 0
789224.244603 0
786068.085810 0
781357.467587 0
776675.042508 2
771247.621195 0
754435.379097 2
755191.570667 3
755948.519186 2
757464.690102 2
762031.448571 0
766625.703749 3
767394.097847 3
768163.261108 3
768933.194302 3
769703.898200 3
770475.373574 3
771247.621195 3
772020.641837 3
772794.436273 0
773569.005278 3
774344.349628 3
775120.470098 3
775897.367466 0
774344.349628 3
775120.470098 3
775897.367466 0
775120.470098 1
774344.349628 1
779012.741474 0
780575.110119 3
781357.467587 3
782140.608195 0
783709.241970 3
784494.736707 3
785281.017724 0
785281.017724 3
786068.085810 0
785281.017724 1
784494.736707 1
783709.241970 1
788434.020359 0
755948.519186 2
791599.666597 0
790807.066930 1
790015.259863 1
789224.244603 1
788434.020359 0
787644.586338 1
786855.941752 1
785281.017724 0
786855.941752 2
791599.666597 0
790807.066930 1
790015.259863 1
789224.244603 1
788434.020359 1
786855.941752 3
787644.586338 3
788434.020359 0
783709.241970 3
784494.736707 3
785281.017724 0
771247.621195 3
772020.641837 3
772794.436273 2
780575.110119 0
779793.535009 1
779012.741474 1
778232.728733 1
777453.496004 1
776675.042508 1
775897.367466 1
769703.898200 3
770475.373574 0
769703.898200 1
755191.570667 2
756706.225412 2
758223.914016 2
761268.417122 0
768933.194302 0
770475.373574 0
772020.641837 0
773569.005278 0
771247.621195 2
774344.349628 0
773569.005278 0
779793.535009 0
781357.467587 0
784494.736707 0
784494.736707 0
782924.532728 0
756706.225412 2
787644.586338 2
790807.066930 0
789224.244603 0
787644.586338 0
786068.085810 0
784494.736707 0
773569.005278 2
779793.535009 0
778232.728733 0
768933.194302 0
755948.519186 3
756706.225412 3
757464.690102 3
758223.914016 3
758983.897914 3
759744.642556 3
760506.148705 0
765091.219967 3
765858.078045 3
766625.703749 3
767394.097847 3
768163.261108 0
769703.898200 0
770475.373574 3
771247.621195 0
772794.436273 0
771247.621195 3
772020.641837 3
772794.436273 3
773569.005278 0
772794.436273 1
772794.436273 0
777453.496004 3
778232.728733 3
779012.741474 0
780575.110119 0
763559.803618 2
782140.608195 3
782924.532728 3
783709.241970 0
783709.241970 0
782140.608195 0
777453.496004 2
757464.690102 3
758223.914016 3
758983.897914 3
759744.642556 3
760506.148705 3
761268.417122 3
762031.448571 2
782140.608195 2
786855.941752 3
787644.586338 3
788434.020359 3
789224.244603 3
790015.259863 0
788434.020359 0
787644.586338 1
786855.941752 0
785281.017724 0
780575.110119 2
782140.608195 3
782924.532728 3
783709.241970 0
772794.436273 3
773569.005278 3
774344.349628 2
779012.741474 0
777453.496004 0
776675.042508 1
775897.367466 1
762031.448571 2
761268.417122 1
760506.148705 1
768163.261108 0
761268.417122 2
764325.128747 0
767394.097847 0
772020.641837 0
773569.005278 2
776675.042508 0
778232.728733 0
779793.535009 0
764325.128747 2
781357.467587 0
778232.728733 2
758223.914016 0
762795.243815 2
782924.532728 2
786068.085810 0
789224.244603 0
786068.085810 0
784494.736707 0
781357.467587 2
781357.467587 0
772020.641837 0
775120.470098 2
778232.728733 0
762795.243815 2
767394.097847 0
754435.379097 2
753679.943717 1
752925.263774 1
752171.338510 1
751418.167171 1
762031.448571 3
762795.243815 3
763559.803618 0
765091.219967 3
765858.078045 3
766625.703749 0
765858.078045 1
765091.219967 1
766625.703749 3
767394.097847 3
768163.261108 3
768933.194302 3
769703.898200 3
770475.373574 3
771247.621195 0
772020.641837 3
772794.436273 3
773569.005278 3
774344.349628 3
775120.470098 3
775897.367466 0
777453.496004 0
779012.741474 0
765091.219967 2
764325.128747 1
763559.803618 1
768163.261108 2
779012.741474 3
779793.535009 3
780575.110119 0
779793.535009 1
779012.741474 1
778232.728733 1
777453.496004 1
757464.690102 0
762031.448571 2
763559.803618 2
783709.241970 3
784494.736707 3
785281.017724 0
786068.085810 3
786855.941752 3
787644.586338 3
788434.020359 0
787644.586338 1
786855.941752 1
786068.085810 1
785281.017724 0
784494.736707 1
783709.241970 0
782924.532728 1
782140.608195 1
780575.110119 0
775897.367466 2
771247.621195 0
775897.367466 3
776675.042508 3
777453.496004 0
772794.436273 2
772020.641837 1
771247.621195 1
763559.803618 3
764325.128747 3
765091.219967 3
765858.078045 3
766625.703749 0
755191.570667 2
762795.243815 0
764325.128747 0
765858.078045 0
765858.078045 0
768933.194302 0
770475.373574 0
775120.470098 0
763559.803618 2
765858.078045 2
768933.194302 2
779793.535009 0
778232.728733 0
762795.243815 2
764325.128747 2
787644.586338 0
786068.085810 0
781357.467587 0
779793.535009 0
776675.042508 2
776675.042508 0
773569.005278 2
762795.243815 0
765858.078045 0
755948.519186 3
756706.225412 3
757464.690102 3
758223.914016 3
758983.897914 3
759744.642556 3
760506.148705 3
761268.417122 3
762031.448571 0
762795.243815 3
763559.803618 0
764325.128747 3
765091.219967 0
763559.803618 3
764325.128747 3
765091.219967 0
766625.703749 3
767394.097847 3
768163.261108 0
769703.898200 0
758983.897914 2
772794.436273 3
773569.005278 3
774344.349628 0
763559.803618 3
764325.128747 3
765091.219967 3
765858.078045 3
766625.703749 2
768163.261108 2
768933.194302 3
769703.898200 2
770475.373574 3
771247.621195 2
779012.741474 0
777453.496004 0
766625.703749 3
767394.097847 3
768163.261108 2
763559.803618 3
764325.128747 3
765091.219967 2
764325.128747 1
763559.803618 1
762031.448571 2
757464.690102 2
786855.941752 0
785281.017724 0
774344.349628 3
775120.470098 3
775897.367466 2
780575.110119 0
779012.741474 0
778232.728733 1
777453.496004 1
763559.803618 2
774344.349628 3
775120.470098 3
775897.367466 0
775120.470098 1
774344.349628 1
773569.005278 1
772794.436273 1
762031.448571 0
761268.417122 1
760506.148705 1
765091.219967 0
755191.570667 0
758223.914016 0
759744.642556 0
761268.417122 0
764325.128747 0
765858.078045 0
746914.929404 2
759744.642556 2
767394.097847 2
768933.194302 2
770475.373574 2
772020.641837 2
778232.728733 0
768933.194302 2
765858.078045 2
762795.243815 2
758223.914016 2
773569.005278 0
776675.042508 2
779793.535009 0
778232.728733 0
764325.128747 2
773569.005278 0
762795.243815 2
759744.642556 0
754435.379097 0
723348.934555 2
757464.690102 0
758983.897914 0
760506.148705 0
762031.448571 3
762795.243815 3
763559.803618 0
762795.243815 1
762031.448571 1
761268.417122 1
760506.148705 1
765091.219967 0
748413.006003 2
747663.592997 1
746914.929404 1
760506.148705 3
761268.417122 3
762031.448571 3
762795.243815 3
763559.803618 3
764325.128747 3
765091.219967 3
765858.078045 3
766625.703749 3
767394.097847 3
768163.261108 3
768933.194302 3
769703.898200 3
770475.373574 3
771247.621195 3
772020.641837 3
772794.436273 2
777453.496004 0
776675.042508 1
775897.367466 1
768163.261108 3
768933.194302 3
769703.898200 2
768933.194302 1
768163.261108 1
767394.097847 1
766625.703749 1
765858.078045 1
765091.219967 1
764325.128747 1
763559.803618 1
758983.897914 2
758223.914016 1
757464.690102 1
771247.621195 3
772020.641837 3
772794.436273 0
777453.496004 3
778232.728733 3
779012.741474 0
777453.496004 0
763559.803618 3
764325.128747 3
765091.219967 3
765858.078045 3
766625.703749 2
771247.621195 3
772020.641837 3
772794.436273 0
772020.641837 1
771247.621195 1
763559.803618 2
758983.897914 0
758223.914016 1
757464.690102 1
724074.008563 2
759744.642556 0
762795.243815 0
764325.128747 0
749163.169172 2
757464.690102 2
761268.417122 0
764325.128747 0
768933.194302 0
773569.005278 2
776675.042508 0
770475.373574 2
768933.194302 2
764325.128747 0
759744.642556 2
772020.641837 0
778232.728733 0
777453.496004 1
776675.042508 0
763559.803618 0
767394.097847 2
770475.373574 0
772020.641837 0
764325.128747 2
758223.914016 2
723348.934555 2
724799.808372 2
726253.588295 2
757464.690102 3
758223.914016 3
758983.897914 0
727710.280145 2
762031.448571 0
761268.417122 1
760506.148705 1
762031.448571 3
762795.243815 3
763559.803618 0
749914.083255 2
757464.690102 3
758223.914016 3
758983.897914 3
759744.642556 3
760506.148705 0
762031.448571 3
762795.243815 3
763559.803618 0
762031.448571 2
766625.703749 3
767394.097847 3
768163.261108 0
767394.097847 1
766625.703749 1
774344.349628 3
775120.470098 3
775897.367466 0
775120.470098 1
774344.349628 1
773569.005278 1
772794.436273 1
772020.641837 1
771247.621195 1
770475.373574 1
769703.898200 1
752925.263774 2
763559.803618 0
762795.243815 1
762031.448571 1
761268.417122 1
760506.148705 1
768163.261108 3
768933.194302 3
769703.898200 3
770475.373574 3
771247.621195 0
775897.367466 3
776675.042508 3
777453.496004 0
775897.367466 0
775120.470098 1
774344.349628 1
766625.703749 3
767394.097847 3
768163.261108 2
769703.898200 0
771247.621195 0
766625.703749 2
765858.078045 1
765091.219967 1
764325.128747 1
763559.803618 1
758983.897914 2
724074.008563 2
725526.334707 2
726981.569865 2
728439.719865 2
759744.642556 0
750665.749004 2
758223.914016 0
762795.243815 0
762795.243815 2
767394.097847 0
773569.005278 0
775120.470098 0
773569.005278 0
772020.641837 0
753679.943717 2
761268.417122 2
767394.097847 0
768933.194302 0
770475.373574 0
776675.042508 0
775120.470098 0
768933.194302 2
768933.194302 0
770475.373574 0
767394.097847 2
762795.243815 0
759744.642556 2
724799.808372 3
725526.334707 3
726253.588295 2
727710.280145 2
726981.569865 1
726253.588295 1
730632.422968 2
729900.790545 1
729169.889754 1
727710.280145 2
758983.897914 0
748413.006003 2
749914.083255 2
751418.167171 3
752171.338510 3
752925.263774 2
757464.690102 0
758223.914016 3
758983.897914 3
759744.642556 3
760506.148705 3
761268.417122 3
762031.448571 0
763559.803618 3
764325.128747 3
765091.219967 3
765858.078045 3
766625.703749 0
765858.078045 1
765091.219967 1
772794.436273 0
774344.349628 0
772794.436273 0
771247.621195 0
751418.167171 2
752925.263774 3
753679.943717 3
754435.379097 2
758983.897914 3
759744.642556 3
760506.148705 3
761268.417122 3
762031.448571 2
766625.703749 0
768163.261108 0
768933.194302 3
769703.898200 0
770475.373574 3
771247.621195 2
775897.367466 0
775120.470098 1
774344.349628 0
773569.005278 1
772794.436273 1
772020.641837 1
771247.621195 1
770475.373574 1
769703.898200 1
768933.194302 1
768163.261108 0
768933.194302 3
769703.898200 0
768933.194302 1
768163.261108 1
760506.148705 2
761268.417122 3
762031.448571 0
761268.417122 1
760506.148705 1
726981.569865 2
728439.719865 2
731364.787756 2
728439.719865 2
758223.914016 0
749163.169172 2
750665.749004 2
753679.943717 2
756706.225412 0
761268.417122 0
763559.803618 0
764325.128747 0
772020.641837 0
752171.338510 2
755191.570667 2
762795.243815 2
765858.078045 0
767394.097847 0
768933.194302 0
772020.641837 2
775120.470098 0
773569.005278 0
771247.621195 0
768933.194302 0
768933.194302 0
761268.417122 2
723348.934555 2
727710.280145 3
728439.719865 3
729169.889754 3
729900.790545 3
730632.422968 3
731364.787756 3
732097.885641 2
731364.787756 1
730632.422968 1
729900.790545 1
729169.889754 1
757464.690102 0
749914.083255 3
750665.749004 3
751418.167171 3
752171.338510 3
752925.263774 3
753679.943717 3
754435.379097 3
755191.570667 3
755948.519186 0
751418.167171 2
750665.749004 1
749914.083255 1
760506.148705 0
761268.417122 3
762031.448571 3
762795.243815 0
762031.448571 1
761268.417122 1
762031.448571 3
762795.243815 3
763559.803618 0
762795.243815 1
762031.448571 1
761268.417122 1
760506.148705 1
771247.621195 0
751418.167171 3
752171.338510 3
752925.263774 3
753679.943717 3
754435.379097 3
755191.570667 3
755948.519186 2
756706.225412 3
757464.690102 3
758223.914016 3
758983.897914 2
763559.803618 3
764325.128747 3
765091.219967 0
766625.703749 0
767394.097847 3
768163.261108 0
772794.436273 3
773569.005278 3
774344.349628 0
773569.005278 1
772794.436273 0
772020.641837 1
771247.621195 1
766625.703749 2
768163.261108 0
766625.703749 3
767394.097847 3
768163.261108 0
767394.097847 1
766625.703749 1
762031.448571 2
754435.379097 2
753679.943717 1
752925.263774 1
724074.008563 2
726981.569865 0
728439.719865 0
732831.717359 2
753679.943717 0
752171.338510 2
759744.642556 0
761268.417122 0
761268.417122 0
762795.243815 0
761268.417122 0
756706.225412 2
759744.642556 2
762795.243815 0
765858.078045 0
772020.641837 0
773569.005278 0
772020.641837 0
770475.373574 0
767394.097847 2
765858.078045 0
767394.097847 0
762795.243815 2
755191.570667 2
724799.808372 3
725526.334707 3
726253.588295 0
727710.280145 0
732097.885641 2
732831.717359 3
733566.283642 3
734301.585228 3
735037.622850 2
734301.585228 1
733566.283642 1
743927.754185 3
744673.427612 3
745419.847460 2
746914.929404 2
748413.006003 2
752925.263774 0
751418.167171 2
752925.263774 3
753679.943717 3
754435.379097 2
758983.897914 0
759744.642556 3
760506.148705 0
759744.642556 1
760506.148705 0
759744.642556 1
758983.897914 1
762031.448571 0
760506.148705 0
755948.519186 2
754435.379097 2
753679.943717 1
752925.263774 1
752171.338510 1
751418.167171 1
752925.263774 2
757464.690102 3
758223.914016 3
758983.897914 3
759744.642556 3
760506.148705 3
761268.417122 3
762031.448571 0
762795.243815 3
763559.803618 3
764325.128747 3
765091.219967 0
764325.128747 1
763559.803618 1
771247.621195 0
772794.436273 0
771247.621195 0
769703.898200 0
768933.194302 1
768163.261108 1
767394.097847 1
766625.703749 1
765091.219967 0
765858.078045 3
766625.703749 0
765858.078045 1
765091.219967 1
764325.128747 1
763559.803618 1
755948.519186 2
755191.570667 1
754435.379097 1
725526.334707 0
732831.717359 2
735774.397248 2
746167.014474 2
747663.592997 2
749163.169172 2
752171.338510 0
752171.338510 2
755191.570667 2
758223.914016 0
759744.642556 0
759744.642556 0
761268.417122 0
760506.148705 1
759744.642556 0
756706.225412 2
755191.570667 2
752171.338510 2
753679.943717 2
759744.642556 0
761268.417122 0
764325.128747 0
768933.194302 0
767394.097847 0
764325.128747 0
756706.225412 2
729169.889754 2
724799.808372 0
732097.885641 3
732831.717359 3
733566.283642 3
734301.585228 3
735037.622850 2
736511.909157 2
735774.397248 1
735037.622850 1
739469.346689 2
746914.929404 3
747663.592997 3
748413.006003 3
749163.169172 3
749914.083255 3
750665.749004 3
751418.167171 0
752171.338510 3
752925.263774 3
753679.943717 3
754435.379097 3
755191.570667 3
755948.519186 3
756706.225412 3
757464.690102 0
758983.897914 0
758223.914016 1
758983.897914 0
755948.519186 2
760506.148705 0
758983.897914 0
758223.914016 1
757464.690102 1
756706.225412 1
755948.519186 1
755191.570667 1
754435.379097 1
752925.263774 3
753679.943717 3
754435.379097 3
755191.570667 3
755948.519186 3
756706.225412 3
757464.690102 3
758223.914016 3
758983.897914 0
760506.148705 0
752925.263774 2
763559.803618 0
762031.448571 3
762795.243815 3
763559.803618 3
764325.128747 3
765091.219967 3
765858.078045 3
766625.703749 3
767394.097847 3
768163.261108 0
766625.703749 0
762031.448571 2
761268.417122 1
760506.148705 1
758983.897914 2
763559.803618 0
758983.897914 2
758223.914016 1
757464.690102 1
752925.263774 2
729900.790545 2
735774.397248 2
737250.159316 2
740210.557246 2
750665.749004 0
753679.943717 0
755191.570667 0
758223.914016 0
758223.914016 0
756706.225412 2
759744.642556 0
758223.914016 0
756706.225412 0
753679.943717 0
752171.338510 0
753679.943717 0
756706.225412 0
753679.943717 2
762795.243815 0
764325.128747 0
765858.078045 0
762795.243815 2
759744.642556 2
762795.243815 0
759744.642556 2
753679.943717 2
730632.422968 3
731364.787756 3
732097.885641 3
732831.717359 3
733566.283642 3
734301.585228 3
735037.622850 3
735774.397248 3
736511.909157 2
737250.159316 3
737989.148465 2
737250.159316 1
736511.909157 1
740952.509756 3
741695.204961 3
742438.643604 2
746914.929404 3
747663.592997 3
748413.006003 3
749163.169172 3
749914.083255 0
749163.169172 1
748413.006003 1
752925.263774 0
754435.379097 0
755191.570667 3
755948.519186 3
756706.225412 3
757464.690102 0
756706.225412 1
757464.690102 0
756706.225412 1
757464.690102 3
758223.914016 3
758983.897914 0
757464.690102 0
755948.519186 0
751418.167171 3
752171.338510 3
752925.263774 0
752171.338510 1
751418.167171 0
752925.263774 0
753679.943717 3
754435.379097 3
755191.570667 3
755948.519186 0
751418.167171 3
752171.338510 3
752925.263774 3
753679.943717 3
754435.379097 2
758983.897914 3
759744.642556 3
760506.148705 3
761268.417122 3
762031.448571 0
762795.243815 3
763559.803618 0
762795.243815 1
762031.448571 1
760506.148705 2
765091.219967 0
764325.128747 1
763559.803618 1
762795.243815 1
762031.448571 1
761268.417122 1
760506.148705 1
761268.417122 3
762031.448571 0
761268.417122 1
760506.148705 1
755948.519186 2
755191.570667 1
754435.379097 1
729900.790545 0
731364.787756 0
732831.717359 0
737250.159316 2
738728.877342 2
743182.826431 2
747663.592997 0
747663.592997 0
752171.338510 0
753679.943717 0
756706.225412 0
756706.225412 0
756706.225412 0
752171.338510 0
753679.943717 0
750665.749004 0
752171.338510 0
755191.570667 2
758223.914016 0
762795.243815 0
761268.417122 0
761268.417122 2
764325.128747 0
762795.243815 0
761268.417122 0
759744.642556 0
756706.225412 2
729169.889754 0
730632.422968 0
731364.787756 3
732097.885641 0
736511.909157 3
737250.159316 3
737989.148465 3
738728.877342 3
739469.346689 3
740210.557246 3
740952.509756 3
741695.204961 3
742438.643604 3
743182.826431 3
743927.754185 3
744673.427612 3
745419.847460 3
746167.014474 3
746914.929404 0
746167.014474 1
745419.847460 1
746167.014474 3
746914.929404 0
751418.167171 0
752925.263774 0
752925.263774 3
753679.943717 3
754435.379097 3
755191.570667 3
755948.519186 0
755191.570667 1
755948.519186 0
755191.570667 1
754435.379097 1
755191.570667 3
755948.519186 0
748413.006003 3
749163.169172 3
749914.083255 3
750665.749004 3
751418.167171 0
750665.749004 1
749914.083255 1
751418.167171 3
752171.338510 3
752925.263774 0
748413.006003 3
749163.169172 3
749914.083255 0
751418.167171 0
755948.519186 3
756706.225412 3
757464.690102 0
758223.914016 3
758983.897914 3
759744.642556 3
760506.148705 3
761268.417122 3
762031.448571 0
760506.148705 0
761268.417122 3
762031.448571 3
762795.243815 3
763559.803618 0
762795.243815 1
762031.448571 0
760506.148705 0
759744.642556 1
758983.897914 1
757464.690102 3
758223.914016 3
758983.897914 0
758223.914016 1
757464.690102 1
756706.225412 1
755948.519186 1
