250611.180984 2
251115.159187 3
251367.526714 2
251620.146861 3
251873.019881 3
252126.146027 2
251873.019881 1
251620.146861 1
251367.526714 1
251115.159187 1
250611.180984 2
250359.569803 1
250108.210233 1
248605.322577 3
248855.177754 3
249105.283038 2
248605.322577 2
246120.471690 3
246367.839530 3
246615.454985 3
246863.318303 3
247111.429733 2
246863.318303 1
246615.454985 1
246120.471690 2
245626.477867 2
244150.413468 3
244395.809278 3
244641.450728 2
244395.809278 1
244150.413468 1
243905.263055 1
243660.357792 1
240257.288063 2
239775.014745 2
236901.552867 2
236663.651314 1
236425.987663 1
250863.044028 2
251620.146861 2
252379.525552 2
251367.526714 0
250863.044028 2
249355.638676 2
248855.177754 2
247359.789522 2
246367.839530 2
245873.351218 2
244887.338066 2
243660.357792 0
240498.786850 2
240016.030775 2
237139.692560 2
251115.159187 3
251367.526714 3
251620.146861 3
251873.019881 3
252126.146027 3
252379.525552 3
252633.158711 2
251115.159187 0
250863.044028 1
250611.180984 1
250863.044028 3
251115.159187 2
249606.244921 3
249857.102023 3
250108.210233 2
249606.244921 2
249355.638676 1
249105.283038 1
248605.322577 2
248106.361537 2
247608.397920 2
247359.789522 1
247111.429733 1
246863.318303 1
246615.454985 1
246367.839530 1
246120.471690 1
245873.351218 1
245626.477867 1
245379.851389 1
245133.471538 1
244887.338066 1
244641.450728 1
240257.288063 3
240498.786850 3
240740.527378 2
240498.786850 1
240257.288063 1
237378.070630 3
237616.687318 3
237855.542860 2
252887.045757 2
250863.044028 0
250359.569803 0
251367.526714 2
250359.569803 2
249857.102023 2
248855.177754 2
248355.717254 2
247857.255175 2
246863.318303 0
245379.851389 0
240016.030775 0
240982.509888 2
240016.030775 0
237139.692560 0
238094.637498 2
253650.232759 2
254160.298195 2
252633.158711 3
252887.045757 3
253141.186944 2
250611.180984 0
250359.569803 1
250108.210233 0
251620.146861 2
251367.526714 1
251115.159187 1
250863.044028 1
250611.180984 1
250108.210233 2
249857.102023 1
249606.244921 1
249355.638676 1
249105.283038 1
248855.177754 1
248605.322577 1
248355.717254 1
248106.361537 1
246615.454985 0
244150.413468 3
244395.809278 3
244641.450728 3
244887.338066 3
245133.471538 0
244887.338066 1
244641.450728 1
244395.809278 1
244150.413468 1
239775.014745 0
241224.734622 2
239775.014745 0
236901.552867 0
238333.971469 2
253905.137897 2
254415.713909 2
253395.582526 2
251873.019881 2
250359.569803 2
248855.177754 0
243905.263055 0
244887.338066 0
243905.263055 0
241467.201824 2
239534.239730 0
238573.545014 2
254160.298195 3
254415.713909 3
254671.385294 2
254160.298195 2
253905.137897 1
253650.232759 1
253395.582526 1
253141.186944 1
252887.045757 1
252633.158711 1
252379.525552 1
252126.146027 1
251873.019881 1
251620.146861 1
250108.210233 3
250359.569803 3
250611.180984 2
250359.569803 1
250108.210233 1
248605.322577 0
247111.429733 2
246863.318303 1
246615.454985 1
246120.471690 2
243660.357792 0
244150.413468 3
244395.809278 3
244641.450728 0
244395.809278 1
244150.413468 1
243905.263055 1
243660.357792 0
242196.060661 2
241952.864600 1
241709.911736 1
239293.705490 0
239053.411785 1
238813.358373 1
238573.545014 1
238813.358373 2
254927.312607 2
254415.713909 2
253395.582526 0
252887.045757 0
252379.525552 2
250863.044028 2
250359.569803 2
247359.789522 2
246367.839530 2
244395.809278 0
243415.697434 0
242439.500161 2
241952.864600 2
239053.411785 2
254671.385294 3
254927.312607 3
255183.496103 2
254927.312607 1
254671.385294 1
253141.186944 0
252633.158711 0
253141.186944 2
252633.158711 2
252379.525552 1
252126.146027 1
251873.019881 1
251620.146861 1
251367.526714 1
251115.159187 1
250863.044028 1
250611.180984 1
250359.569803 1
250108.210233 1
247608.397920 2
246120.471690 3
246367.839530 3
246615.454985 2
246367.839530 1
246120.471690 1
243660.357792 3
243905.263055 3
244150.413468 0
243905.263055 1
243660.357792 1
243415.697434 1
243171.281737 0
242927.110455 1
242683.183344 1
242439.500161 1
242196.060661 1
241952.864600 1
241709.911736 1
238813.358373 3
239053.411785 3
239293.705490 2
255439.936039 2
254415.713909 0
253395.582526 2
252887.045757 2
252379.525552 2
250863.044028 0
250359.569803 0
247857.255175 2
246863.318303 2
243905.263055 0
242439.500161 0
241952.864600 0
239534.239730 2
255183.496103 3
255439.936039 3
255696.632672 2
254160.298195 0
254671.385294 2
254415.713909 1
254160.298195 1
253650.232759 2
253395.582526 1
253141.186944 1
252887.045757 1
252633.158711 1
250108.210233 3
250359.569803 3
250611.180984 0
250108.210233 0
248605.322577 2
248106.361537 2
247857.255175 1
247608.397920 1
247359.789522 1
247111.429733 1
242683.183344 3
242927.110455 3
243171.281737 3
243415.697434 3
243660.357792 0
240257.288063 3
240498.786850 3
240740.527378 2
242196.060661 0
241709.911736 0
240740.527378 2
240257.288063 2
239775.014745 2
254927.312607 0
255953.586258 2
254671.385294 3
254927.312607 2
253905.137897 2
252887.045757 0
249857.102023 0
248855.177754 2
248355.717254 2
240982.509888 2
241952.864600 0
240982.509888 2
240740.527378 1
240498.786850 1
240016.030775 2
254671.385294 0
256210.797055 2
255696.632672 2
255183.496103 2
253650.232759 3
253905.137897 3
254160.298195 2
252633.158711 0
252379.525552 1
252126.146027 1
250611.180984 2
250359.569803 1
250108.210233 1
249606.244921 0
249355.638676 1
249105.283038 1
248855.177754 1
248605.322577 1
248355.717254 1
248106.361537 1
244641.450728 3
244887.338066 3
245133.471538 2
244887.338066 1
244641.450728 1
244150.413468 2
243905.263055 1
243660.357792 1
241224.734622 3
241467.201824 3
241709.911736 0
241467.201824 1
241224.734622 1
241224.734622 2
240257.288063 0
240016.030775 1
240257.288063 2
256468.265320 2
255953.586258 2
255439.936039 2
254415.713909 2
251873.019881 0
250863.044028 2
248355.717254 0
244395.809278 0
245379.851389 2
244395.809278 2
241467.201824 0
241467.201824 2
240498.786850 2
257242.217505 2
256983.975287 1
256725.991312 1
256468.265320 1
256210.797055 1
255953.586258 1
255696.632672 1
255439.936039 1
255183.496103 1
254927.312607 1
254671.385294 1
254415.713909 1
254160.298195 1
251620.146861 0
251367.526714 1
251115.159187 1
245626.477867 2
246120.471690 2
246367.839530 3
246615.454985 2
248106.361537 0
247857.255175 1
247608.397920 1
244150.413468 0
245626.477867 2
244150.413468 3
244395.809278 3
244641.450728 2
244395.809278 1
244150.413468 1
240740.527378 3
240982.509888 3
241224.734622 0
240982.509888 1
241224.734622 2
241709.911736 2
240257.288063 3
240498.786850 3
240740.527378 2
257500.718223 2
255439.936039 0
251367.526714 0
245873.351218 2
246367.839530 2
246863.318303 2
247857.255175 0
246615.454985 2
245873.351218 2
244887.338066 2
244395.809278 2
240982.509888 0
241467.201824 2
241952.864600 2
240982.509888 2
257759.477700 2
257500.718223 1
257242.217505 1
254671.385294 3
254927.312607 3
255183.496103 0
249606.244921 3
249857.102023 3
250108.210233 3
250359.569803 3
250611.180984 3
250863.044028 3
251115.159187 0
250863.044028 1
250611.180984 1
246120.471690 3
246367.839530 3
246615.454985 3
246863.318303 3
247111.429733 3
247359.789522 3
247608.397920 0
247359.789522 1
247111.429733 1
246863.318303 1
246615.454985 1
246367.839530 1
246120.471690 1
244641.450728 3
244887.338066 3
245133.471538 2
244887.338066 1
244641.450728 1
244395.809278 1
244150.413468 1
240740.527378 0
241709.911736 3
241952.864600 3
242196.060661 2
241952.864600 1
241709.911736 1
241224.734622 2
258018.496197 2
247608.397920 2
250359.569803 0
250863.044028 0
246367.839530 0
246863.318303 0
247359.789522 0
246367.839530 0
245133.471538 2
245379.851389 2
244887.338066 2
242439.500161 2
241467.201824 2
258277.773971 2
247608.397920 3
247857.255175 3
248106.361537 2
248605.322577 2
249105.283038 3
249355.638676 3
249606.244921 2
250108.210233 0
250359.569803 3
250611.180984 0
245133.471538 3
245379.851389 3
245626.477867 3
245873.351218 3
246120.471690 0
246615.454985 0
247111.429733 0
245626.477867 3
245873.351218 3
246120.471690 0
245873.351218 1
245626.477867 1
245379.851389 1
245133.471538 1
245379.851389 3
245626.477867 2
245133.471538 2
244887.338066 1
244641.450728 1
244395.809278 1
244150.413468 1
243171.281737 2
242927.110455 1
242683.183344 1
242439.500161 1
242196.060661 1
241952.864600 1
241709.911736 1
258537.311282 2
248355.717254 2
248855.177754 2
249857.102023 2
249857.102023 0
250863.044028 2
245379.851389 0
246367.839530 2
245873.351218 2
245379.851389 2
243905.263055 0
243660.357792 1
243415.697434 1
241467.201824 0
258797.108390 2
258537.311282 1
258277.773971 1
248605.322577 3
248855.177754 3
249105.283038 2
249606.244921 2
250108.210233 2
249606.244921 0
251115.159187 2
250863.044028 1
250611.180984 1
245133.471538 0
244887.338066 1
244641.450728 1
247111.429733 2
245626.477867 3
245873.351218 3
246120.471690 3
246367.839530 3
246615.454985 2
246863.318303 3
247111.429733 2
246863.318303 1
246615.454985 1
246367.839530 1
246120.471690 1
245873.351218 1
245626.477867 1
243171.281737 3
243415.697434 3
243660.357792 0
243171.281737 0
242927.110455 1
242683.183344 1
242439.500161 1
242196.060661 1
241952.864600 1
241709.911736 1
259057.165556 2
249355.638676 2
249857.102023 2
250359.569803 2
251367.526714 2
247359.789522 2
246863.318303 2
247359.789522 2
243415.697434 0
242927.110455 0
242439.500161 0
259317.483039 2
259057.165556 1
258797.108390 1
258537.311282 1
258277.773971 1
249606.244921 3
249857.102023 3
250108.210233 3
250359.569803 3
250611.180984 3
250863.044028 3
251115.159187 3
251367.526714 3
251620.146861 2
250108.210233 3
250359.569803 3
250611.180984 2
250108.210233 2
247608.397920 2
248106.361537 2
246615.454985 3
246863.318303 3
247111.429733 2
247359.789522 3
247608.397920 2
247359.789522 1
247111.429733 1
237855.542860 3
238094.637498 3
238333.971469 2
238094.637498 1
237855.542860 1
243171.281737 0
242927.110455 1
242683.183344 0
242439.500161 1
242196.060661 0
241952.864600 1
241709.911736 1
241467.201824 1
241224.734622 1
259578.061100 2
258018.496197 0
257759.477700 1
249857.102023 0
250359.569803 0
250863.044028 0
251873.019881 2
250863.044028 2
250359.569803 2
247857.255175 2
248355.717254 2
247359.789522 2
247857.255175 2
246863.318303 0
238573.545014 2
238813.358373 2
242439.500161 0
241952.864600 0
241467.201824 0
240982.509888 0
259838.900000 3
260100.000000 3
0.000000 0
257759.477700 0
249105.283038 3
249355.638676 3
249606.244921 0
250108.210233 0
250611.180984 0
252126.146027 2
251873.019881 1
251620.146861 1
251115.159187 2
250611.180984 2
248106.361537 3
248355.717254 3
248605.322577 3
248855.177754 3
249105.283038 2
247608.397920 3
247857.255175 3
248106.361537 2
246615.454985 0
246367.839530 1
246120.471690 1
238813.358373 2
239293.705490 2
239053.411785 1
238813.358373 1
242196.060661 0
241952.864600 1
241709.911736 0
241224.734622 0
240982.509888 1
240740.527378 0
257500.718223 0
252379.525552 2
251873.019881 2
251367.526714 2
250863.044028 2
249355.638676 2
248355.717254 2
245873.351218 0
239053.411785 2
239534.239730 2
241467.201824 0
256210.797055 3
256468.265320 3
256725.991312 3
256983.975287 3
257242.217505 0
256983.975287 1
256725.991312 1
256468.265320 1
256210.797055 1
255953.586258 1
255696.632672 1
252126.146027 3
252379.525552 3
252633.158711 2
252379.525552 1
252126.146027 1
251873.019881 1
251620.146861 1
251367.526714 1
251115.159187 1
250863.044028 1
250611.180984 1
250108.210233 2
249606.244921 2
249105.283038 2
248855.177754 1
248605.322577 1
248355.717254 1
248106.361537 1
245626.477867 0
239293.705490 3
239534.239730 3
239775.014745 3
240016.030775 3
240257.288063 3
240498.786850 3
240740.527378 3
240982.509888 3
241224.734622 0
240982.509888 1
240740.527378 1
239293.705490 2
256983.975287 0
255439.936039 0
251873.019881 0
252887.045757 2
252379.525552 2
250863.044028 2
250359.569803 2
249857.102023 2
249355.638676 2
247857.255175 0
245379.851389 0
240016.030775 0
240498.786850 0
240982.509888 0
240498.786850 0
239534.239730 2
253650.232759 3
253905.137897 3
254160.298195 2
256725.991312 0
256468.265320 1
256210.797055 1
255953.586258 1
255696.632672 1
255183.496103 0
251620.146861 0
253141.186944 2
252633.158711 2
252379.525552 1
252126.146027 1
251873.019881 1
251620.146861 1
251367.526714 1
251115.159187 1
250863.044028 1
250611.180984 1
250359.569803 1
250108.210233 1
249857.102023 1
249606.244921 1
248605.322577 2
247608.397920 0
245133.471538 0
243660.357792 3
243905.263055 3
244150.413468 2
239775.014745 0
240257.288063 0
240740.527378 0
240257.288063 0
240016.030775 1
239775.014745 1
253395.582526 0
254415.713909 2
255953.586258 0
254927.312607 0
253395.582526 2
252887.045757 2
251873.019881 0
251367.526714 0
250359.569803 0
249355.638676 0
249105.283038 1
248855.177754 1
247359.789522 0
245379.851389 2
244395.809278 2
239534.239730 0
240498.786850 0
240016.030775 0
253141.186944 0
254671.385294 3
254927.312607 3
255183.496103 3
255439.936039 3
255696.632672 0
254160.298195 3
254415.713909 3
254671.385294 0
254415.713909 1
254160.298195 1
253905.137897 1
253650.232759 1
253395.582526 1
253141.186944 1
251620.146861 0
251367.526714 1
251115.159187 0
249606.244921 3
249857.102023 3
250108.210233 0
247608.397920 2
249105.283038 0
248605.322577 0
247111.429733 0
245626.477867 2
245379.851389 1
245133.471538 1
244887.338066 1
244641.450728 1
239293.705490 0
239053.411785 1
238813.358373 1
240257.288063 0
240016.030775 1
239775.014745 0
239534.239730 1
239293.705490 1
254415.713909 0
254927.312607 0
255439.936039 0
254415.713909 0
252887.045757 0
251367.526714 0
247857.255175 2
248855.177754 0
248355.717254 0
246863.318303 0
245873.351218 2
244887.338066 0
244395.809278 0
239053.411785 0
238573.545014 0
239534.239730 0
239053.411785 0
253650.232759 3
253905.137897 3
254160.298195 0
254671.385294 0
255183.496103 0
254927.312607 1
254671.385294 1
254415.713909 1
254160.298195 0
251620.146861 3
251873.019881 3
252126.146027 3
252379.525552 3
252633.158711 0
251115.159187 0
246615.454985 3
246863.318303 3
247111.429733 2
247359.789522 3
247608.397920 2
247857.255175 3
248106.361537 3
248355.717254 3
248605.322577 0
248355.717254 1
248106.361537 0
246615.454985 0
246367.839530 1
246120.471690 1
244641.450728 0
244150.413468 0
238813.358373 0
238333.971469 0
237855.542860 2
239293.705490 0
238813.358373 0
253905.137897 0
254415.713909 0
254927.312607 0
253905.137897 0
251367.526714 0
251873.019881 0
252379.525552 0
250863.044028 0
247359.789522 2
247857.255175 2
248355.717254 0
247857.255175 0
245873.351218 0
245626.477867 1
244395.809278 2
238573.545014 2
238094.637498 2
239053.411785 0
241224.734622 2
253650.232759 0
254160.298195 0
254671.385294 0
243171.281737 2
253650.232759 0
251115.159187 0
251620.146861 0
252126.146027 0
250611.180984 0
250359.569803 1
250108.210233 1
247608.397920 3
247857.255175 3
248106.361537 2
247608.397920 3
247857.255175 3
248106.361537 0
247608.397920 0
247359.789522 1
247111.429733 1
245626.477867 0
245133.471538 2
244887.338066 1
244641.450728 1
238333.971469 2
238573.545014 3
238813.358373 2
238333.971469 2
238573.545014 3
238813.358373 0
237378.070630 2
241467.201824 2
243415.697434 2
250863.044028 0
250359.569803 0
249857.102023 0
248355.717254 2
247359.789522 0
246863.318303 0
245873.351218 2
245379.851389 2
244395.809278 0
238573.545014 2
239053.411785 2
238573.545014 2
237616.687318 2
241709.911736 2
241467.201824 1
241224.734622 1
242683.183344 3
242927.110455 3
243171.281737 3
243415.697434 3
243660.357792 2
243415.697434 1
243171.281737 1
250611.180984 0
249105.283038 3
249355.638676 3
249606.244921 3
249857.102023 3
250108.210233 0
249606.244921 0
249355.638676 1
249105.283038 1
248855.177754 1
248605.322577 1
247111.429733 0
245626.477867 3
245873.351218 3
246120.471690 3
246367.839530 3
246615.454985 0
246367.839530 1
246120.471690 1
245873.351218 1
245626.477867 1
244150.413468 0
238813.358373 3
239053.411785 3
239293.705490 2
239053.411785 1
238813.358373 1
238573.545014 1
238333.971469 1
238094.637498 1
237855.542860 1
241952.864600 2
243905.263055 2
243171.281737 2
248855.177754 0
249857.102023 0
248355.717254 0
247359.789522 2
246367.839530 0
243905.263055 0
239534.239730 2
238094.637498 0
237616.687318 0
242196.060661 2
241952.864600 1
241709.911736 1
243171.281737 2
243660.357792 2
243905.263055 3
244150.413468 2
243660.357792 2
243415.697434 1
243171.281737 1
248605.322577 0
248355.717254 1
248106.361537 1
249606.244921 0
249355.638676 1
249105.283038 1
248855.177754 1
248605.322577 1
248106.361537 0
247857.255175 1
247608.397920 1
247359.789522 1
247111.429733 1
245626.477867 3
245873.351218 3
246120.471690 0
242683.183344 3
242927.110455 3
243171.281737 3
243415.697434 3
243660.357792 0
243415.697434 1
243171.281737 1
239775.014745 2
237378.070630 3
237616.687318 3
237855.542860 0
237378.070630 0
242439.500161 2
243415.697434 2
243905.263055 2
244395.809278 2
243905.263055 2
242927.110455 0
248355.717254 0
249105.283038 3
249355.638676 0
248355.717254 0
246863.318303 0
245873.351218 0
242927.110455 0
243415.697434 0
240016.030775 2
242683.183344 2
242439.500161 1
242196.060661 1
243660.357792 3
243905.263055 3
244150.413468 3
244395.809278 3
244641.450728 2
244395.809278 1
244150.413468 1
242683.183344 0
248106.361537 0
246615.454985 2
249105.283038 0
248855.177754 1
248605.322577 1
248106.361537 0
245626.477867 2
246120.471690 3
246367.839530 3
246615.454985 0
246367.839530 1
246120.471690 1
245873.351218 1
245626.477867 0
240257.288063 2
242683.183344 0
243171.281737 0
239775.014745 3
240016.030775 3
240257.288063 2
237855.542860 2
237616.687318 1
237378.070630 1
237139.692560 1
236901.552867 1
242927.110455 2
244887.338066 2
247857.255175 0
246863.318303 2
248355.717254 0
247857.255175 0
245873.351218 2
245873.351218 0
240498.786850 2
242927.110455 0
240498.786850 2
238094.637498 2
236663.651314 0
243171.281737 3
243415.697434 3
243660.357792 2
244150.413468 2
244395.809278 3
244641.450728 3
244887.338066 3
245133.471538 2
245626.477867 2
246120.471690 2
247608.397920 0
247359.789522 1
247111.429733 1
247359.789522 3
247608.397920 3
247857.255175 3
248106.361537 0
247857.255175 1
247608.397920 0
246120.471690 2
245626.477867 2
245133.471538 2
245379.851389 3
245626.477867 0
241224.734622 2
240982.509888 1
240740.527378 1
242196.060661 2
242439.500161 3
242683.183344 0
241224.734622 2
240982.509888 1
240740.527378 1
238333.971469 2
237855.542860 2
236425.987663 0
242927.110455 0
243905.263055 2
244395.809278 2
245379.851389 2
245873.351218 2
246367.839530 2
247359.789522 0
246863.318303 0
247359.789522 0
246367.839530 2
245873.351218 2
245379.851389 2
241467.201824 2
242439.500161 2
242439.500161 0
241467.201824 2
238573.545014 2
238094.637498 2
242683.183344 0
244150.413468 3
244395.809278 3
244641.450728 3
244887.338066 3
245133.471538 3
245379.851389 3
245626.477867 3
245873.351218 3
246120.471690 3
246367.839530 3
246615.454985 3
246863.318303 3
247111.429733 0
246615.454985 0
246367.839530 1
246120.471690 1
246615.454985 3
246863.318303 3
247111.429733 0
246863.318303 1
246615.454985 1
246367.839530 1
246120.471690 1
245873.351218 1
245626.477867 1
241224.734622 3
241467.201824 3
241709.911736 3
241952.864600 3
242196.060661 3
242439.500161 3
242683.183344 2
242196.060661 0
241952.864600 1
241709.911736 1
238333.971469 3
238573.545014 3
238813.358373 2
238573.545014 1
238333.971469 1
237855.542860 2
242927.110455 2
243905.263055 0
244395.809278 0
244887.338066 0
245379.851389 0
246367.839530 0
246863.318303 0
246367.839530 0
246863.318303 0
246367.839530 0
245873.351218 0
245379.851389 0
242927.110455 2
241952.864600 0
241467.201824 0
239053.411785 2
238573.545014 2
238333.971469 1
238094.637498 1
243171.281737 3
243415.697434 3
243660.357792 0
244150.413468 0
244641.450728 0
245133.471538 0
245626.477867 3
245873.351218 3
246120.471690 0
246615.454985 0
246367.839530 1
246120.471690 1
245626.477867 3
245873.351218 3
246120.471690 0
246615.454985 0
246120.471690 0
245626.477867 0
245133.471538 0
244887.338066 1
244641.450728 1
244395.809278 1
244150.413468 1
243905.263055 1
243660.357792 1
243415.697434 1
243171.281737 1
241709.911736 0
241467.201824 1
241224.734622 0
240982.509888 1
240740.527378 1
239293.705490 2
239053.411785 1
238813.358373 1
238333.971469 2
242927.110455 0
243415.697434 0
244887.338066 0
245873.351218 0
246367.839530 0
245873.351218 0
245873.351218 0
245873.351218 0
244887.338066 0
244395.809278 0
243415.697434 0
240498.786850 0
239534.239730 2
238573.545014 2
242683.183344 0
243171.281737 0
242927.110455 1
242683.183344 1
244150.413468 3
244395.809278 3
244641.450728 0
244887.338066 3
245133.471538 3
245379.851389 3
245626.477867 0
246120.471690 0
245626.477867 0
245133.471538 3
245379.851389 3
245626.477867 0
245379.851389 1
245133.471538 1
245379.851389 3
245626.477867 0
244150.413468 3
244395.809278 3
244641.450728 0
244395.809278 1
244150.413468 0
243905.263055 1
243660.357792 1
243171.281737 0
238813.358373 3
239053.411785 3
239293.705490 3
239534.239730 3
239775.014745 3
240016.030775 3
240257.288063 0
240016.030775 1
239775.014745 1
239534.239730 1
239293.705490 1
239053.411785 1
238813.358373 1
