969304.790885 2
971248.315267 2
973195.732537 3
974170.903440 3
975147.050491 3
976124.174665 3
977102.276942 3
978081.358300 2
979061.419720 3
980042.462182 3
981024.486669 3
982007.494163 3
982991.485649 2
981024.486669 2
979061.419720 2
978081.358300 1
977102.276942 1
971248.315267 3
972221.536804 3
973195.732537 2
967365.151608 2
966396.786456 1
965429.389670 1
957724.960523 3
958684.645168 3
959645.290459 2
958684.645168 1
957724.960523 1
955808.469327 2
954851.660858 1
953895.809197 1
952940.913388 1
951986.972474 1
951033.985502 1
950081.951516 1
949130.869565 1
948180.738695 1
947231.557956 1
946283.326399 1
925660.463754 3
926588.051806 3
927516.568375 2
921959.378156 3
922883.261418 3
923808.069487 2
901866.060823 2
902769.830654 3
903674.505159 3
904580.085244 3
905486.571816 3
906393.965782 3
907302.268050 2
906393.965782 1
905486.571816 1
904580.085244 1
903674.505159 1
901866.060823 2
857811.278563 3
858670.949513 3
859531.480993 3
860392.873867 3
861255.128996 3
862118.247244 3
862982.229473 2
864712.789339 2
863847.076550 1
862982.229473 1
864712.789339 3
865579.368708 3
866446.815523 3
867315.130654 3
868184.314969 2
867315.130654 1
866446.815523 1
864712.789339 2
842483.375505 3
843327.703208 3
844172.876084 3
845018.894979 3
845865.760740 3
846713.474214 3
847562.036251 2
970276.066952 2
972221.536804 2
979061.419720 2
980042.462182 0
983976.462111 2
982007.494163 2
980042.462182 2
978081.358300 2
974170.903440 2
968334.486094 2
960606.897356 2
956766.235563 2
954851.660858 2
952940.913388 2
949130.869565 0
947231.557956 0
945336.043072 0
928446.014389 2
921036.418778 0
924733.803291 2
902769.830654 2
908211.479529 2
904580.085244 0
902769.830654 2
858670.949513 0
860392.873867 0
863847.076550 2
865579.368708 2
869054.369338 2
867315.130654 2
865579.368708 2
848411.447698 2
971248.315267 3
972221.536804 3
973195.732537 3
974170.903440 3
975147.050491 3
976124.174665 3
977102.276942 3
978081.358300 3
979061.419720 3
980042.462182 3
981024.486669 2
979061.419720 0
984962.424535 2
983976.462111 1
982991.485649 1
981024.486669 2
980042.462182 1
979061.419720 1
978081.358300 1
977102.276942 1
976124.174665 1
975147.050491 1
969304.790885 2
967365.151608 2
959645.290459 3
960606.897356 3
961569.466823 2
955808.469327 3
956766.235563 3
957724.960523 2
956766.235563 1
955808.469327 1
954851.660858 1
953895.809197 1
948180.738695 0
947231.557956 1
946283.326399 0
944389.707029 0
927516.568375 3
928446.014389 3
929376.390780 2
920114.382359 0
925660.463754 2
903674.505159 3
904580.085244 3
905486.571816 3
906393.965782 3
907302.268050 3
908211.479529 3
909121.601130 2
903674.505159 0
905486.571816 2
904580.085244 1
903674.505159 1
856094.514817 3
856952.467284 3
857811.278563 0
859531.480993 0
864712.789339 2
866446.815523 2
868184.314969 2
869054.369338 3
869925.294633 2
871669.761486 2
869925.294633 2
869054.369338 1
868184.314969 1
867315.130654 1
866446.815523 1
864712.789339 2
863847.076550 1
862982.229473 1
862118.247244 1
861255.128996 1
849261.709408 2
972221.536804 0
974170.903440 0
982007.494163 2
985949.373909 2
982007.494163 2
974170.903440 0
970276.066952 2
968334.486094 2
962532.999823 2
958684.645168 2
943444.317322 0
930307.698478 2
925660.463754 3
926588.051806 2
910032.633764 2
906393.965782 2
902769.830654 0
855237.420302 0
865579.368708 2
867315.130654 2
869054.369338 2
870797.091725 2
872543.304791 2
870797.091725 2
865579.368708 2
862118.247244 0
850112.822230 2
1008923.892355 2
971248.315267 0
973195.732537 0
979061.419720 2
981024.486669 3
982007.494163 3
982991.485649 2
984962.424535 3
985949.373909 3
986937.311221 2
985949.373909 1
984962.424535 1
983976.462111 1
982991.485649 1
969304.790885 3
970276.066952 3
971248.315267 3
972221.536804 3
973195.732537 0
972221.536804 1
971248.315267 1
970276.066952 1
969304.790885 1
965429.389670 2
964462.960280 1
963497.497320 1
962532.999823 1
961569.466823 1
960606.897356 1
959645.290459 1
958684.645168 1
957724.960523 1
956766.235563 1
955808.469327 1
942499.873005 2
940613.816759 3
941556.373132 3
942499.873005 0
929376.390780 2
931239.938417 2
930307.698478 1
929376.390780 1
927516.568375 2
905486.571816 2
907302.268050 2
909121.601130 2
910944.578343 2
909121.601130 2
908211.479529 1
907302.268050 1
901866.060823 0
854381.182882 0
862982.229473 3
863847.076550 3
864712.789339 3
865579.368708 3
866446.815523 3
867315.130654 3
868184.314969 2
869925.294633 2
871669.761486 3
872543.304791 3
873417.722513 2
872543.304791 1
871669.761486 1
870797.091725 1
869925.294633 1
869054.369338 1
868184.314969 1
867315.130654 1
866446.815523 1
861255.128996 0
849261.709408 3
850112.822230 3
850964.787017 2
1009934.827182 2
980042.462182 2
983976.462111 2
987926.237458 2
967365.151608 3
968334.486094 0
972221.536804 0
970276.066952 0
968334.486094 0
967365.151608 1
966396.786456 1
962532.999823 0
958684.645168 0
956766.235563 0
943444.317322 2
941556.373132 0
930307.698478 2
932173.111528 2
928446.014389 2
906393.965782 2
908211.479529 2
910032.633764 2
911857.435778 2
910032.633764 2
862118.247244 0
863847.076550 0
869054.369338 2
870797.091725 2
874293.015529 2
870797.091725 0
851817.604622 2
1010946.773956 3
1011959.733690 3
1012973.707397 2
979061.419720 3
980042.462182 3
981024.486669 3
982007.494163 3
982991.485649 3
983976.462111 3
984962.424535 3
985949.373909 3
986937.311221 3
987926.237458 3
988916.153612 2
987926.237458 1
986937.311221 1
985949.373909 1
984962.424535 1
967365.151608 0
968334.486094 3
969304.790885 3
970276.066952 3
971248.315267 0
970276.066952 1
969304.790885 0
968334.486094 1
967365.151608 0
965429.389670 0
961569.466823 0
957724.960523 2
957724.960523 0
956766.235563 1
955808.469327 0
942499.873005 3
943444.317322 3
944389.707029 2
943444.317322 1
942499.873005 1
940613.816759 0
931239.938417 3
932173.111528 3
933107.218747 2
931239.938417 2
930307.698478 1
929376.390780 1
907302.268050 3
908211.479529 3
909121.601130 3
910032.633764 3
910944.578343 2
912771.206985 2
911857.435778 1
910944.578343 1
901866.060823 2
903674.505159 2
902769.830654 1
901866.060823 1
861255.128996 0
862118.247244 3
862982.229473 0
868184.314969 2
869925.294633 2
871669.761486 3
872543.304791 3
873417.722513 2
875169.184714 2
869925.294633 0
869054.369338 1
868184.314969 1
873417.722513 2
868184.314969 2
869925.294633 2
850964.787017 2
852671.275897 2
1013988.696093 2
989907.060672 2
966396.786456 0
960606.897356 0
958684.645168 2
954851.660858 0
945336.043072 2
939672.202942 0
934042.261008 2
932173.111528 2
911857.435778 2
913685.892878 2
902769.830654 2
904580.085244 2
869054.369338 2
870797.091725 2
874293.015529 2
876046.230944 2
874293.015529 2
869054.369338 2
870797.091725 2
851817.604622 2
853525.801699 2
1012973.707397 3
1013988.696093 3
1015004.700794 2
1017039.762279 2
1016021.722517 1
1015004.700794 1
992885.737221 3
993880.617839 3
994876.494333 2
992885.737221 2
990898.959632 2
981024.486669 3
982007.494163 3
982991.485649 2
953895.809197 2
955808.469327 3
956766.235563 3
957724.960523 2
963497.497320 3
964462.960280 3
965429.389670 0
959645.290459 2
958684.645168 1
959645.290459 0
959645.290459 2
958684.645168 1
957724.960523 1
953895.809197 0
944389.707029 3
945336.043072 3
946283.326399 2
936853.007409 3
937791.799208 3
938731.530739 0
937791.799208 1
936853.007409 1
935915.154402 1
934978.239247 1
934042.261008 1
933107.218747 1
932173.111528 1
931239.938417 1
909121.601130 3
910032.633764 3
910944.578343 3
911857.435778 3
912771.206985 3
913685.892878 3
914601.494373 2
912771.206985 2
903674.505159 2
905486.571816 2
904580.085244 1
903674.505159 1
866446.815523 2
867315.130654 3
868184.314969 3
869054.369338 3
869925.294633 2
871669.761486 2
870797.091725 1
869925.294633 1
875169.184714 2
876924.155100 2
878682.640698 2
876924.155100 2
876046.230944 1
875169.184714 1
869925.294633 3
870797.091725 3
871669.761486 2
852671.275897 3
853525.801699 3
854381.182882 2
1016021.722517 2
1018058.821100 2
995873.367701 2
993880.617839 2
991891.851483 2
983976.462111 2
954851.660858 2
958684.645168 2
964462.960280 0
960606.897356 2
960606.897356 2
951986.972474 3
952940.913388 0
947231.557956 2
937791.799208 0
934042.261008 0
915518.012385 2
913685.892878 2
904580.085244 2
906393.965782 2
866446.815523 3
867315.130654 2
870797.091725 2
872543.304791 2
876046.230944 2
877802.958058 2
879563.203902 2
877802.958058 2
872543.304791 2
855237.420302 2
1015004.700794 3
1016021.722517 3
1017039.762279 3
1018058.821100 3
1019078.900000 2
1000872.722600 2
999870.849877 1
998869.979028 1
997870.109049 1
996871.238939 1
995873.367701 1
994876.494333 1
993880.617839 1
992885.737221 1
986937.311221 2
985949.373909 1
984962.424535 1
955808.469327 3
956766.235563 3
957724.960523 3
958684.645168 3
959645.290459 3
960606.897356 3
961569.466823 3
962532.999823 3
963497.497320 0
962532.999823 1
961569.466823 1
962532.999823 3
963497.497320 2
962532.999823 1
961569.466823 1
960606.897356 1
959645.290459 1
951986.972474 0
951033.985502 1
950081.951516 1
949130.869565 1
948180.738695 1
940613.816759 2
936853.007409 0
935915.154402 1
934978.239247 1
934042.261008 1
934978.239247 2
934042.261008 1
933107.218747 1
909121.601130 2
910944.578343 3
911857.435778 3
912771.206985 2
913685.892878 3
914601.494373 3
915518.012385 3
916435.447833 2
915518.012385 1
914601.494373 1
905486.571816 3
906393.965782 3
907302.268050 2
901866.060823 2
868184.314969 3
869054.369338 3
869925.294633 3
870797.091725 3
871669.761486 2
873417.722513 2
875169.184714 3
876046.230944 3
876924.155100 3
877802.958058 3
878682.640698 2
880444.648551 2
879563.203902 1
878682.640698 1
877802.958058 1
876924.155100 1
876046.230944 1
875169.184714 1
874293.015529 1
873417.722513 1
854381.182882 3
855237.420302 3
856094.514817 2
1013988.696093 0
1016021.722517 0
1020100.000000 2
1001875.598198 2
991891.851483 0
987926.237458 2
958684.645168 0
960606.897356 0
964462.960280 2
960606.897356 0
958684.645168 0
947231.557956 0
941556.373132 2
935915.154402 2
910032.633764 2
913685.892878 2
917353.801634 2
913685.892878 0
908211.479529 2
902769.830654 2
872543.304791 2
874293.015529 2
879563.203902 2
881326.975526 2
879563.203902 2
856952.467284 2
1012973.707397 0
1015004.700794 0
0.000000 0
1002879.477676 2
1001875.598198 1
1000872.722600 1
982991.485649 2
983976.462111 3
984962.424535 2
990898.959632 0
988916.153612 2
987926.237458 1
986937.311221 1
977102.276942 3
978081.358300 3
979061.419720 2
957724.960523 0
955808.469327 3
956766.235563 3
957724.960523 3
958684.645168 3
959645.290459 0
965429.389670 2
959645.290459 0
957724.960523 0
956766.235563 1
955808.469327 1
950081.951516 2
948180.738695 2
942499.873005 2
936853.007409 3
937791.799208 3
938731.530739 2
936853.007409 2
935915.154402 1
934978.239247 1
910944.578343 3
911857.435778 3
912771.206985 2
914601.494373 3
915518.012385 3
916435.447833 3
917353.801634 3
918273.074709 2
912771.206985 0
911857.435778 1
910944.578343 1
910032.633764 1
909121.601130 1
903674.505159 2
866446.815523 3
867315.130654 3
868184.314969 2
873417.722513 3
874293.015529 3
875169.184714 3
876046.230944 3
876924.155100 3
877802.958058 3
878682.640698 3
879563.203902 3
880444.648551 3
881326.975526 3
882210.185712 2
881326.975526 1
880444.648551 1
875169.184714 2
873417.722513 2
857811.278563 3
858670.949513 3
859531.480993 2
857811.278563 2
1013988.696093 0
1003884.362038 2
983976.462111 2
985949.373909 2
989907.060672 0
989907.060672 2
980042.462182 2
966396.786456 2
954851.660858 0
951033.985502 2
949130.869565 2
943444.317322 2
939672.202942 2
937791.799208 2
913685.892878 2
919193.267977 2
908211.479529 0
904580.085244 2
869054.369338 2
872543.304791 0
874293.015529 0
876046.230944 0
883094.279992 2
876046.230944 2
874293.015529 2
860392.873867 2
858670.949513 2
1002879.477676 2
1012973.707397 0
1011959.733690 1
1010946.773956 1
1004890.252290 2
1002879.477676 2
984962.424535 3
985949.373909 3
986937.311221 3
987926.237458 3
988916.153612 0
989907.060672 3
990898.959632 2
989907.060672 1
988916.153612 1
982991.485649 2
982007.494163 1
981024.486669 1
980042.462182 1
979061.419720 1
978081.358300 1
977102.276942 1
976124.174665 1
975147.050491 1
974170.903440 1
973195.732537 1
967365.151608 2
950081.951516 3
951033.985502 3
951986.972474 3
952940.913388 3
953895.809197 0
952940.913388 1
951986.972474 1
951033.985502 1
950081.951516 1
944389.707029 2
943444.317322 1
942499.873005 1
941556.373132 1
940613.816759 1
939672.202942 1
938731.530739 1
934978.239247 2
934042.261008 1
933107.218747 1
914601.494373 3
915518.012385 3
916435.447833 3
917353.801634 3
918273.074709 3
919193.267977 3
920114.382359 2
918273.074709 2
917353.801634 1
916435.447833 1
907302.268050 0
906393.965782 1
905486.571816 1
900061.231567 2
869925.294633 3
870797.091725 3
871669.761486 0
872543.304791 3
873417.722513 0
874293.015529 3
875169.184714 0
883979.259251 3
884865.124376 3
885751.876252 2
883979.259251 2
882210.185712 2
876924.155100 2
876046.230944 1
875169.184714 1
874293.015529 1
873417.722513 1
861255.128996 2
860392.873867 1
859531.480993 1
1003884.362038 2
1011959.733690 0
1009934.827182 0
1005897.149440 2
1003884.362038 2
989907.060672 2
991891.851483 2
983976.462111 2
980042.462182 2
974170.903440 0
972221.536804 0
968334.486094 2
967365.151608 1
949130.869565 0
945336.043072 2
937791.799208 0
936853.007409 1
935915.154402 1
921036.418778 2
919193.267977 2
917353.801634 2
904580.085244 0
900963.194762 2
874293.015529 0
886639.515768 2
884865.124376 2
883094.279992 2
877802.958058 2
873417.722513 0
862118.247244 2
1004890.252290 2
1010946.773956 0
1008923.892355 0
1007913.968463 1
1006905.054494 1
1005897.149440 1
1004890.252290 1
1003884.362038 1
1002879.477676 1
988916.153612 3
989907.060672 3
990898.959632 3
991891.851483 3
992885.737221 2
991891.851483 1
990898.959632 1
984962.424535 2
983976.462111 1
982991.485649 1
982007.494163 1
981024.486669 1
971248.315267 3
972221.536804 3
973195.732537 0
972221.536804 1
971248.315267 0
970276.066952 1
969304.790885 1
961569.466823 2
942499.873005 3
943444.317322 3
944389.707029 3
945336.043072 3
946283.326399 3
947231.557956 3
948180.738695 0
947231.557956 1
946283.326399 1
929376.390780 2
934978.239247 3
935915.154402 3
936853.007409 0
934978.239247 0
934042.261008 1
933107.218747 1
927516.568375 2
925660.463754 2
923808.069487 2
922883.261418 1
921959.378156 1
921036.418778 1
920114.382359 1
919193.267977 1
918273.074709 1
901866.060823 3
902769.830654 3
903674.505159 0
902769.830654 1
901866.060823 1
900963.194762 1
900061.231567 1
899160.170336 1
898260.010166 1
897360.750155 1
896462.389405 1
873417.722513 0
889307.769042 2
888417.461273 1
887528.043811 1
886639.515768 1
885751.876252 1
884865.124376 1
883979.259251 1
878682.640698 2
877802.958058 1
876924.155100 1
861255.128996 3
862118.247244 3
862982.229473 2
862118.247244 1
861255.128996 1
1005897.149440 2
1009934.827182 0
1005897.149440 0
1001875.598198 0
993880.617839 2
985949.373909 2
980042.462182 0
979061.419720 1
970276.066952 0
962532.999823 2
943444.317322 0
947231.557956 0
945336.043072 0
930307.698478 2
934042.261008 0
935915.154402 0
934042.261008 0
928446.014389 2
926588.051806 2
924733.803291 2
919193.267977 0
900963.194762 0
899160.170336 0
897360.750155 0
895564.927016 0
890198.968010 2
883094.279992 0
879563.203902 2
866446.815523 2
863847.076550 2
862118.247244 2
1006905.054494 3
1007913.968463 3
1008923.892355 0
1007913.968463 1
1006905.054494 1
1004890.252290 0
998869.979028 2
1000872.722600 0
999870.849877 1
998869.979028 1
997870.109049 1
996871.238939 1
995873.367701 1
994876.494333 1
988916.153612 2
987926.237458 1
986937.311221 1
985949.373909 1
984962.424535 1
979061.419720 0
973195.732537 2
971248.315267 2
969304.790885 0
961569.466823 3
962532.999823 3
963497.497320 2
962532.999823 1
961569.466823 1
942499.873005 0
940613.816759 2
946283.326399 0
944389.707029 0
931239.938417 3
932173.111528 3
933107.218747 0
934042.261008 3
934978.239247 0
934042.261008 1
933107.218747 0
932173.111528 1
931239.938417 1
930307.698478 1
929376.390780 1
928446.014389 1
927516.568375 1
926588.051806 1
925660.463754 1
924733.803291 1
923808.069487 1
918273.074709 0
910944.578343 2
894668.362089 3
895564.927016 3
896462.389405 2
900061.231567 0
898260.010166 0
896462.389405 0
894668.362089 0
893772.693727 1
892877.921033 1
891984.043112 1
891091.059069 1
875169.184714 2
880444.648551 3
881326.975526 3
882210.185712 0
881326.975526 1
880444.648551 1
868184.314969 2
867315.130654 1
866446.815523 1
864712.789339 2
863847.076550 1
862982.229473 1
1005897.149440 0
1005897.149440 0
1003884.362038 0
999870.849877 2
995873.367701 0
989907.060672 2
978081.358300 0
974170.903440 2
973195.732537 1
972221.536804 1
968334.486094 0
964462.960280 2
941556.373132 0
941556.373132 2
945336.043072 0
932173.111528 0
929376.390780 0
926588.051806 0
922883.261418 0
911857.435778 2
897360.750155 2
899160.170336 0
898260.010166 1
891984.043112 0
875169.184714 3
876046.230944 2
881326.975526 0
879563.203902 0
869054.369338 2
864712.789339 3
865579.368708 2
1004890.252290 0
1003884.362038 1
1002879.477676 1
1003884.362038 3
1004890.252290 0
1003884.362038 1
1002879.477676 0
1001875.598198 1
1000872.722600 1
999870.849877 1
998869.979028 1
997870.109049 1
996871.238939 1
995873.367701 1
994876.494333 0
993880.617839 1
992885.737221 1
991891.851483 1
990898.959632 1
984962.424535 2
975147.050491 3
976124.174665 3
977102.276942 0
976124.174665 1
975147.050491 1
971248.315267 0
970276.066952 1
969304.790885 1
968334.486094 1
967365.151608 1
966396.786456 1
965429.389670 1
964462.960280 1
963497.497320 1
940613.816759 0
942499.873005 3
943444.317322 3
944389.707029 0
929376.390780 2
927516.568375 3
928446.014389 3
929376.390780 2
927516.568375 2
931239.938417 0
930307.698478 1
929376.390780 1
928446.014389 0
927516.568375 1
926588.051806 1
925660.463754 0
924733.803291 1
923808.069487 1
921959.378156 0
914601.494373 2
912771.206985 2
911857.435778 1
910944.578343 1
898260.010166 2
897360.750155 1
898260.010166 0
880444.648551 2
882210.185712 2
889307.769042 3
890198.968010 3
891091.059069 0
871669.761486 2
876924.155100 3
877802.958058 3
878682.640698 3
879563.203902 3
880444.648551 0
879563.203902 1
878682.640698 0
869925.294633 2
869054.369338 1
868184.314969 1
866446.815523 2
864712.789339 2
1002879.477676 0
1003884.362038 0
999870.849877 0
997870.109049 0
993880.617839 0
989907.060672 0
985949.373909 2
974170.903440 0
976124.174665 0
968334.486094 0
941556.373132 0
930307.698478 2
930307.698478 2
928446.014389 2
930307.698478 0
928446.014389 0
924733.803291 0
915518.012385 2
913685.892878 2
899160.170336 2
881326.975526 2
883094.279992 2
890198.968010 0
872543.304791 2
877802.958058 0
879563.203902 0
870797.091725 2
867315.130654 2
865579.368708 2
1000872.722600 3
1001875.598198 0
1000872.722600 1
1001875.598198 3
1002879.477676 0
996871.238939 3
997870.109049 3
998869.979028 0
996871.238939 0
990898.959632 3
991891.851483 3
992885.737221 0
991891.851483 1
990898.959632 1
988916.153612 0
987926.237458 1
986937.311221 1
973195.732537 0
975147.050491 0
969304.790885 2
968334.486094 1
967365.151608 1
966396.786456 1
967365.151608 0
966396.786456 1
965429.389670 1
936853.007409 3
937791.799208 3
938731.530739 2
937791.799208 1
936853.007409 1
942499.873005 2
929376.390780 3
930307.698478 3
931239.938417 3
932173.111528 3
933107.218747 2
932173.111528 1
931239.938417 1
930307.698478 1
929376.390780 1
928446.014389 1
929376.390780 0
927516.568375 0
921959.378156 3
922883.261418 3
923808.069487 0
916435.447833 3
917353.801634 3
918273.074709 2
917353.801634 1
916435.447833 1
914601.494373 2
913685.892878 1
912771.206985 1
900061.231567 2
880444.648551 3
881326.975526 3
882210.185712 3
883094.279992 3
883979.259251 2
885751.876252 2
889307.769042 0
873417.722513 3
874293.015529 3
875169.184714 3
876046.230944 3
876924.155100 0
877802.958058 3
878682.640698 0
873417.722513 2
872543.304791 1
871669.761486 1
870797.091725 1
869925.294633 1
869054.369338 1
868184.314969 1
867315.130654 1
866446.815523 1
999870.849877 0
994876.494333 3
995873.367701 0
997870.109049 0
995873.367701 0
989907.060672 0
987926.237458 0
974170.903440 2
974170.903440 0
970276.066952 2
966396.786456 0
964462.960280 0
939672.202942 2
943444.317322 2
929376.390780 0
934042.261008 2
932173.111528 2
922883.261418 0
919193.267977 2
915518.012385 2
900963.194762 2
884865.124376 2
886639.515768 2
876046.230944 0
877802.958058 0
874293.015529 2
867315.130654 0
865579.368708 0
996871.238939 3
997870.109049 3
998869.979028 0
997870.109049 1
996871.238939 1
994876.494333 0
996871.238939 0
995873.367701 1
994876.494333 0
993880.617839 1
992885.737221 1
991891.851483 1
990898.959632 1
988916.153612 0
987926.237458 1
986937.311221 0
973195.732537 3
974170.903440 3
975147.050491 2
974170.903440 1
973195.732537 0
972221.536804 1
971248.315267 1
970276.066952 1
969304.790885 1
968334.486094 1
967365.151608 1
963497.497320 0
962532.999823 1
961569.466823 1
940613.816759 3
941556.373132 3
942499.873005 3
943444.317322 3
944389.707029 3
945336.043072 3
946283.326399 2
936853.007409 2
935915.154402 1
934978.239247 1
934042.261008 1
933107.218747 1
931239.938417 2
929376.390780 2
927516.568375 2
925660.463754 2
923808.069487 2
922883.261418 1
921959.378156 1
921036.418778 1
920114.382359 1
919193.267977 1
918273.074709 1
917353.801634 1
916435.447833 1
900061.231567 3
900963.194762 3
901866.060823 2
900061.231567 2
899160.170336 1
898260.010166 1
885751.876252 3
886639.515768 3
887528.043811 2
886639.515768 1
885751.876252 1
873417.722513 3
874293.015529 3
875169.184714 2
874293.015529 1
875169.184714 0
876924.155100 0
876046.230944 1
875169.184714 1
869925.294633 2
869054.369338 1
868184.314969 1
866446.815523 0
864712.789339 0
995873.367701 0
993880.617839 0
989907.060672 0
987926.237458 0
976124.174665 2
973195.732537 2
968334.486094 2
962532.999823 0
947231.557956 2
937791.799208 2
932173.111528 2
930307.698478 2
928446.014389 2
926588.051806 2
924733.803291 2
919193.267977 0
917353.801634 0
902769.830654 2
900963.194762 2
888417.461273 2
884865.124376 0
876046.230944 2
874293.015529 0
870797.091725 2
865579.368708 2
986937.311221 3
987926.237458 3
988916.153612 3
989907.060672 3
990898.959632 3
991891.851483 3
992885.737221 3
993880.617839 3
994876.494333 0
992885.737221 0
986937.311221 3
987926.237458 3
988916.153612 0
986937.311221 0
977102.276942 3
978081.358300 3
979061.419720 2
977102.276942 2
976124.174665 1
975147.050491 1
974170.903440 1
973195.732537 1
971248.315267 2
970276.066952 1
969304.790885 1
961569.466823 0
960606.897356 1
959645.290459 1
958684.645168 1
957724.960523 1
956766.235563 1
955808.469327 1
950081.951516 2
949130.869565 1
948180.738695 1
938731.530739 2
931239.938417 3
932173.111528 3
933107.218747 3
934042.261008 2
933107.218747 1
932173.111528 1
931239.938417 1
929376.390780 2
928446.014389 1
927516.568375 1
926588.051806 1
925660.463754 1
916435.447833 3
917353.801634 3
918273.074709 0
917353.801634 1
916435.447833 0
915518.012385 1
914601.494373 1
901866.060823 3
902769.830654 3
903674.505159 2
902769.830654 1
901866.060823 1
889307.769042 2
888417.461273 1
887528.043811 1
888417.461273 3
889307.769042 2
883979.259251 0
875169.184714 3
876046.230944 3
876924.155100 2
871669.761486 2
870797.091725 1
869925.294633 1
873417.722513 0
872543.304791 1
871669.761486 1
866446.815523 3
867315.130654 3
868184.314969 2
867315.130654 1
866446.815523 1
986937.311221 0
989907.060672 0
991891.851483 0
987926.237458 0
985949.373909 0
980042.462182 2
978081.358300 2
972221.536804 2
954851.660858 0
951033.985502 2
939672.202942 2
934978.239247 2
932173.111528 2
930307.698478 2
917353.801634 2
904580.085244 2
900963.194762 0
890198.968010 2
890198.968010 2
883094.279992 0
877802.958058 2
872543.304791 2
872543.304791 0
869054.369338 2
867315.130654 2
984962.424535 3
985949.373909 0
984962.424535 1
988916.153612 0
989907.060672 3
990898.959632 0
989907.060672 1
988916.153612 1
987926.237458 1
986937.311221 1
985949.373909 1
984962.424535 1
986937.311221 0
985949.373909 1
984962.424535 0
983976.462111 1
982991.485649 1
982007.494163 1
981024.486669 1
980042.462182 1
979061.419720 1
978081.358300 1
977102.276942 1
976124.174665 1
975147.050491 1
974170.903440 1
973195.732537 1
946283.326399 3
947231.557956 3
948180.738695 3
949130.869565 3
950081.951516 3
951033.985502 3
951986.972474 3
952940.913388 3
953895.809197 0
952940.913388 1
951986.972474 1
942499.873005 2
940613.816759 2
939672.202942 1
938731.530739 1
937791.799208 1
936853.007409 1
935915.154402 1
934978.239247 1
934042.261008 1
933107.218747 1
932173.111528 1
931239.938417 1
921959.378156 3
922883.261418 3
923808.069487 2
922883.261418 1
921959.378156 1
921036.418778 1
920114.382359 1
919193.267977 1
918273.074709 1
917353.801634 1
916435.447833 1
915518.012385 1
914601.494373 1
905486.571816 2
900061.231567 0
891091.059069 3
891984.043112 3
892877.921033 2
891091.059069 2
882210.185712 0
881326.975526 1
880444.648551 1
879563.203902 1
878682.640698 1
873417.722513 2
872543.304791 1
871669.761486 1
870797.091725 1
871669.761486 0
873417.722513 2
871669.761486 2
870797.091725 1
869925.294633 1
868184.314969 2
983976.462111 0
983976.462111 0
987926.237458 0
985949.373909 0
983976.462111 0
985949.373909 0
980042.462182 0
978081.358300 0
974170.903440 0
972221.536804 0
950081.951516 0
952940.913388 0
951033.985502 0
943444.317322 2
941556.373132 2
930307.698478 0
924733.803291 2
921036.418778 0
917353.801634 0
913685.892878 0
906393.965782 2
893772.693727 2
891984.043112 2
877802.958058 0
874293.015529 2
872543.304791 2
874293.015529 2
872543.304791 2
869054.369338 2
982991.485649 0
982991.485649 0
977102.276942 2
975147.050491 2
986937.311221 0
984962.424535 0
982991.485649 0
983976.462111 3
984962.424535 0
971248.315267 2
969304.790885 2
979061.419720 0
977102.276942 0
967365.151608 2
973195.732537 0
971248.315267 0
970276.066952 1
969304.790885 1
946283.326399 3
947231.557956 3
948180.738695 3
949130.869565 0
950081.951516 3
951033.985502 3
951986.972474 0
951033.985502 1
950081.951516 0
944389.707029 2
943444.317322 1
942499.873005 1
941556.373132 1
940613.816759 1
912771.206985 3
913685.892878 3
914601.494373 2
913685.892878 1
912771.206985 1
929376.390780 0
928446.014389 1
927516.568375 1
926588.051806 1
925660.463754 1
920114.382359 0
910944.578343 2
916435.447833 0
910944.578343 3
911857.435778 3
912771.206985 0
907302.268050 2
898260.010166 3
899160.170336 3
900061.231567 2
894668.362089 2
893772.693727 1
892877.921033 1
891984.043112 1
891091.059069 1
889307.769042 2
876924.155100 0
876046.230944 1
875169.184714 1
874293.015529 1
873417.722513 1
872543.304791 1
873417.722513 3
874293.015529 3
875169.184714 2
874293.015529 1
873417.722513 1
872543.304791 1
871669.761486 1
869925.294633 2
982007.494163 0
982007.494163 0
978081.358300 2
976124.174665 2
983976.462111 0
972221.536804 2
970276.066952 2
978081.358300 0
968334.486094 2
972221.536804 0
970276.066952 0
949130.869565 0
949130.869565 0
945336.043072 2
939672.202942 0
915518.012385 2
928446.014389 0
924733.803291 0
911857.435778 2
915518.012385 0
911857.435778 0
908211.479529 2
900963.194762 2
895564.927016 2
890198.968010 2
874293.015529 0
876046.230944 2
870797.091725 2
981024.486669 0
980042.462182 1
981024.486669 0
980042.462182 1
979061.419720 1
978081.358300 1
977102.276942 1
976124.174665 1
975147.050491 1
982991.485649 0
982007.494163 1
981024.486669 1
971248.315267 3
972221.536804 3
973195.732537 2
972221.536804 1
971248.315267 1
977102.276942 0
967365.151608 3
968334.486094 3
969304.790885 3
970276.066952 3
971248.315267 0
969304.790885 0
963497.497320 2
962532.999823 1
961569.466823 1
960606.897356 1
959645.290459 1
948180.738695 0
938731.530739 2
948180.738695 0
947231.557956 1
946283.326399 1
945336.043072 1
944389.707029 1
938731.530739 0
914601.494373 3
915518.012385 3
916435.447833 2
925660.463754 3
926588.051806 3
927516.568375 0
926588.051806 1
925660.463754 1
923808.069487 0
907302.268050 2
912771.206985 3
913685.892878 3
914601.494373 0
913685.892878 1
912771.206985 1
911857.435778 1
910944.578343 0
910032.633764 1
909121.601130 1
903674.505159 2
901866.060823 2
896462.389405 2
895564.927016 1
894668.362089 1
892877.921033 2
891091.059069 2
887528.043811 2
873417.722513 0
880444.648551 2
879563.203902 1
878682.640698 1
877802.958058 1
876924.155100 1
876046.230944 1
875169.184714 1
874293.015529 1
873417.722513 1
872543.304791 1
871669.761486 1
980042.462182 0
980042.462182 0
978081.358300 0
974170.903440 0
980042.462182 0
974170.903440 2
970276.066952 0
968334.486094 0
964462.960280 2
962532.999823 2
939672.202942 2
945336.043072 0
943444.317322 0
939672.202942 2
917353.801634 2
926588.051806 0
922883.261418 0
908211.479529 2
913685.892878 0
911857.435778 0
908211.479529 0
904580.085244 2
902769.830654 2
897360.750155 2
893772.693727 2
892877.921033 1
891984.043112 1
888417.461273 2
881326.975526 2
877802.958058 2
874293.015529 0
871669.761486 0
979061.419720 0
979061.419720 0
978081.358300 1
977102.276942 0
976124.174665 1
975147.050491 1
975147.050491 3
976124.174665 3
977102.276942 3
978081.358300 3
979061.419720 0
978081.358300 1
977102.276942 1
976124.174665 1
975147.050491 1
974170.903440 1
973195.732537 1
959645.290459 3
960606.897356 3
961569.466823 3
962532.999823 3
963497.497320 2
969304.790885 0
967365.151608 0
966396.786456 1
965429.389670 1
964462.960280 1
963497.497320 1
962532.999823 1
961569.466823 1
938731.530739 3
939672.202942 3
940613.816759 3
941556.373132 3
942499.873005 3
943444.317322 3
944389.707029 0
942499.873005 0
941556.373132 1
940613.816759 1
931239.938417 2
918273.074709 2
919193.267977 3
920114.382359 2
925660.463754 0
920114.382359 3
921036.418778 3
921959.378156 0
909121.601130 3
910032.633764 3
910944.578343 2
912771.206985 0
910944.578343 0
910032.633764 1
909121.601130 1
907302.268050 0
906393.965782 1
905486.571816 1
904580.085244 1
903674.505159 1
898260.010166 2
897360.750155 1
896462.389405 1
895564.927016 1
894668.362089 1
891091.059069 0
890198.968010 1
889307.769042 1
883979.259251 2
882210.185712 2
880444.648551 2
878682.640698 2
873417.722513 0
868184.314969 2
869925.294633 2
976124.174665 0
974170.903440 0
974170.903440 0
976124.174665 0
974170.903440 0
972221.536804 0
964462.960280 2
968334.486094 0
966396.786456 0
937791.799208 0
943444.317322 0
939672.202942 0
932173.111528 2
919193.267977 2
921036.418778 2
924733.803291 0
921036.418778 0
911857.435778 2
910944.578343 1
910032.633764 0
905486.571816 2
904580.085244 0
902769.830654 0
899160.170336 2
895564.927016 0
893772.693727 0
888417.461273 0
884865.124376 2
883094.279992 2
881326.975526 2
879563.203902 2
868184.314969 3
869054.369338 2
870797.091725 2
953895.809197 2
955808.469327 2
975147.050491 0
973195.732537 0
972221.536804 1
973195.732537 0
975147.050491 0
965429.389670 2
971248.315267 3
972221.536804 3
973195.732537 0
971248.315267 0
961569.466823 3
962532.999823 3
963497.497320 3
964462.960280 3
965429.389670 3
966396.786456 3
967365.151608 0
966396.786456 1
965429.389670 0
964462.960280 1
963497.497320 1
953895.809197 2
934978.239247 3
935915.154402 3
936853.007409 0
940613.816759 2
942499.873005 2
941556.373132 1
942499.873005 0
936853.007409 3
937791.799208 3
938731.530739 0
933107.218747 2
920114.382359 3
921036.418778 3
921959.378156 3
922883.261418 3
923808.069487 0
922883.261418 1
921959.378156 1
921036.418778 1
920114.382359 0
919193.267977 1
918273.074709 1
912771.206985 2
910944.578343 2
910032.633764 1
909121.601130 0
908211.479529 1
907302.268050 1
906393.965782 1
905486.571816 1
904580.085244 1
903674.505159 0
901866.060823 0
900963.194762 1
900061.231567 1
894668.362089 0
892877.921033 0
891984.043112 1
891091.059069 1
887528.043811 0
886639.515768 1
885751.876252 1
884865.124376 1
883979.259251 1
883094.279992 1
882210.185712 1
881326.975526 1
880444.648551 1
875169.184714 2
869925.294633 3
870797.091725 3
871669.761486 2
954851.660858 2
956766.235563 2
966396.786456 2
972221.536804 0
970276.066952 0
969304.790885 1
964462.960280 0
966396.786456 0
964462.960280 0
954851.660858 2
941556.373132 2
943444.317322 2
937791.799208 0
934042.261008 2
922883.261418 0
917353.801634 0
913685.892878 2
911857.435778 2
910032.633764 2
899160.170336 0
891984.043112 0
886639.515768 0
884865.124376 0
883094.279992 0
879563.203902 0
876046.230944 2
872543.304791 2
955808.469327 3
956766.235563 3
957724.960523 3
958684.645168 3
959645.290459 3
960606.897356 3
961569.466823 3
962532.999823 3
963497.497320 3
964462.960280 3
965429.389670 3
966396.786456 3
967365.151608 3
968334.486094 3
969304.790885 3
970276.066952 3
971248.315267 0
969304.790885 0
959645.290459 3
960606.897356 3
961569.466823 3
962532.999823 3
963497.497320 0
964462.960280 3
965429.389670 0
964462.960280 1
963497.497320 0
957724.960523 2
955808.469327 2
954851.660858 1
953895.809197 1
940613.816759 3
941556.373132 3
942499.873005 3
943444.317322 3
944389.707029 2
942499.873005 2
941556.373132 1
940613.816759 1
936853.007409 0
935915.154402 1
934978.239247 1
929376.390780 2
920114.382359 3
921036.418778 3
921959.378156 0
921036.418778 1
920114.382359 1
914601.494373 3
915518.012385 3
916435.447833 0
915518.012385 1
914601.494373 1
913685.892878 1
912771.206985 1
911857.435778 1
910944.578343 1
910032.633764 1
909121.601130 1
908211.479529 1
907302.268050 1
894668.362089 3
895564.927016 3
896462.389405 3
897360.750155 3
898260.010166 0
889307.769042 2
891091.059069 0
890198.968010 1
889307.769042 1
885751.876252 0
883979.259251 0
882210.185712 0
876924.155100 3
877802.958058 3
878682.640698 0
877802.958058 1
876924.155100 1
876046.230944 1
875169.184714 1
874293.015529 1
873417.722513 1
956766.235563 0
962532.999823 0
966396.786456 0
970276.066952 0
968334.486094 0
964462.960280 0
962532.999823 0
958684.645168 2
956766.235563 2
945336.043072 2
943444.317322 2
934042.261008 0
930307.698478 2
920114.382359 0
915518.012385 0
911857.435778 0
906393.965782 0
895564.927016 0
890198.968010 2
888417.461273 0
883094.279992 0
877802.958058 0
876046.230944 0
874293.015529 0
953895.809197 3
954851.660858 3
955808.469327 0
954851.660858 1
953895.809197 1
959645.290459 3
960606.897356 3
961569.466823 0
962532.999823 3
963497.497320 3
964462.960280 3
965429.389670 0
967365.151608 3
968334.486094 3
969304.790885 0
968334.486094 1
967365.151608 0
966396.786456 1
965429.389670 1
964462.960280 1
963497.497320 1
962532.999823 1
961569.466823 1
962532.999823 3
963497.497320 0
962532.999823 1
961569.466823 0
960606.897356 1
959645.290459 1
958684.645168 1
957724.960523 1
956766.235563 1
955808.469327 1
954851.660858 1
953895.809197 1
948180.738695 2
946283.326399 2
945336.043072 1
944389.707029 1
942499.873005 2
940613.816759 2
933107.218747 0
932173.111528 1
931239.938417 1
930307.698478 1
929376.390780 1
928446.014389 1
927516.568375 1
910944.578343 3
911857.435778 3
912771.206985 3
913685.892878 3
914601.494373 0
909121.601130 3
910032.633764 3
910944.578343 0
910032.633764 1
909121.601130 1
903674.505159 3
904580.085244 3
905486.571816 0
904580.085244 1
903674.505159 1
894668.362089 0
893772.693727 1
892877.921033 1
891091.059069 2
890198.968010 1
889307.769042 1
887528.043811 0
886639.515768 1
885751.876252 1
882210.185712 0
881326.975526 1
880444.648551 1
879563.203902 1
878682.640698 1
876924.155100 0
875169.184714 0
874293.015529 1
873417.722513 0
872543.304791 1
871669.761486 1
958684.645168 0
960606.897356 0
966396.786456 0
968334.486094 0
966396.786456 0
960606.897356 0
961569.466823 0
956766.235563 0
954851.660858 0
949130.869565 2
947231.557956 2
945336.043072 2
943444.317322 2
941556.373132 2
932173.111528 0
928446.014389 0
910032.633764 0
908211.479529 0
902769.830654 0
902769.830654 0
895564.927016 2
891984.043112 2
885751.876252 3
886639.515768 0
879563.203902 0
877802.958058 0
876046.230944 0
872543.304791 0
870797.091725 0
927516.568375 2
946283.326399 2
944389.707029 2
957724.960523 0
959645.290459 0
958684.645168 1
957724.960523 1
948180.738695 2
965429.389670 0
967365.151608 0
965429.389670 0
951986.972474 3
952940.913388 3
953895.809197 2
959645.290459 0
938731.530739 2
940613.816759 2
953895.809197 3
954851.660858 3
955808.469327 0
954851.660858 1
953895.809197 0
952940.913388 1
951986.972474 1
951033.985502 1
950081.951516 1
949130.869565 1
948180.738695 1
947231.557956 1
946283.326399 1
945336.043072 1
944389.707029 1
943444.317322 1
942499.873005 1
931239.938417 0
930307.698478 1
929376.390780 1
927516.568375 0
923808.069487 2
922883.261418 1
921959.378156 1
916435.447833 2
918273.074709 2
917353.801634 1
916435.447833 1
909121.601130 0
907302.268050 0
901866.060823 0
900963.194762 1
900061.231567 1
900963.194762 3
901866.060823 0
896462.389405 2
895564.927016 1
894668.362089 1
893772.693727 1
892877.921033 1
891984.043112 1
891091.059069 1
885751.876252 0
876924.155100 3
877802.958058 3
878682.640698 2
878682.640698 0
877802.958058 1
876924.155100 0
876046.230944 1
875169.184714 0
874293.015529 1
873417.722513 1
872543.304791 1
871669.761486 0
869925.294633 0
928446.014389 2
947231.557956 2
945336.043072 2
956766.235563 0
958684.645168 0
956766.235563 0
949130.869565 2
964462.960280 0
954851.660858 2
939672.202942 2
941556.373132 2
954851.660858 0
952940.913388 0
949130.869565 0
945336.043072 0
943444.317322 0
941556.373132 0
928446.014389 0
926588.051806 0
924733.803291 2
917353.801634 2
919193.267977 2
915518.012385 0
900963.194762 0
897360.750155 2
893772.693727 0
891984.043112 0
883979.259251 3
884865.124376 0
879563.203902 2
876046.230944 0
874293.015529 0
872543.304791 0
870797.091725 0
869054.369338 0
929376.390780 2
948180.738695 2
947231.557956 1
946283.326399 1
955808.469327 0
957724.960523 0
955808.469327 0
950081.951516 3
951033.985502 3
951986.972474 2
950081.951516 2
963497.497320 0
957724.960523 2
955808.469327 2
954851.660858 1
953895.809197 1
940613.816759 3
941556.373132 3
942499.873005 2
943444.317322 3
944389.707029 2
953895.809197 0
951986.972474 0
951033.985502 1
950081.951516 1
948180.738695 0
947231.557956 1
946283.326399 1
945336.043072 1
944389.707029 0
942499.873005 0
940613.816759 0
927516.568375 2
929376.390780 2
927516.568375 2
925660.463754 2
924733.803291 1
923808.069487 1
918273.074709 3
919193.267977 3
920114.382359 2
914601.494373 0
905486.571816 2
907302.268050 2
906393.965782 1
905486.571816 1
898260.010166 3
899160.170336 3
900061.231567 0
899160.170336 1
898260.010166 1
892877.921033 0
891091.059069 0
890198.968010 1
889307.769042 1
883979.259251 0
882210.185712 2
880444.648551 2
878682.640698 2
875169.184714 0
873417.722513 0
871669.761486 0
869925.294633 0
868184.314969 0
930307.698478 2
949130.869565 2
954851.660858 0
956766.235563 0
954851.660858 0
952940.913388 2
951033.985502 2
962532.999823 0
958684.645168 2
956766.235563 2
943444.317322 2
945336.043072 2
952940.913388 0
951033.985502 0
925660.463754 2
943444.317322 0
939672.202942 0
928446.014389 2
930307.698478 2
928446.014389 2
926588.051806 2
924733.803291 2
921036.418778 2
906393.965782 2
908211.479529 2
897360.750155 0
888417.461273 0
884865.124376 2
883094.279992 2
881326.975526 2
879563.203902 2
870797.091725 0
869054.369338 0
867315.130654 0
931239.938417 2
950081.951516 3
951033.985502 3
951986.972474 3
952940.913388 3
953895.809197 0
954851.660858 3
955808.469327 0
954851.660858 1
953895.809197 0
951986.972474 2
953895.809197 2
952940.913388 1
951986.972474 1
961569.466823 0
960606.897356 1
959645.290459 1
958684.645168 1
957724.960523 1
956766.235563 1
955808.469327 1
942499.873005 3
943444.317322 3
944389.707029 2
946283.326399 2
951986.972474 0
950081.951516 0
925660.463754 3
926588.051806 3
927516.568375 2
929376.390780 2
942499.873005 0
933107.218747 2
938731.530739 0
929376.390780 3
930307.698478 3
931239.938417 2
930307.698478 1
929376.390780 1
927516.568375 2
926588.051806 1
925660.463754 1
924733.803291 1
923808.069487 1
922883.261418 1
921959.378156 1
921036.418778 1
920114.382359 1
907302.268050 3
908211.479529 3
909121.601130 2
907302.268050 2
905486.571816 2
900061.231567 2
896462.389405 0
900061.231567 2
898260.010166 2
887528.043811 0
886639.515768 1
885751.876252 1
884865.124376 1
883979.259251 1
883094.279992 1
882210.185712 1
881326.975526 1
880444.648551 1
879563.203902 1
878682.640698 1
877802.958058 1
876924.155100 1
869925.294633 0
869054.369338 1
868184.314969 0
867315.130654 1
866446.815523 0
932173.111528 2
951033.985502 0
954851.660858 0
952940.913388 0
952940.913388 2
954851.660858 2
960606.897356 0
954851.660858 0
945336.043072 2
947231.557956 2
951033.985502 0
928446.014389 2
930307.698478 2
934042.261008 2
937791.799208 0
932173.111528 2
928446.014389 2
924733.803291 0
921036.418778 0
910032.633764 2
908211.479529 2
906393.965782 2
900963.194762 2
900963.194762 2
899160.170336 2
886639.515768 0
879563.203902 0
869054.369338 0
867315.130654 0
933107.218747 2
948180.738695 3
949130.869565 3
950081.951516 0
949130.869565 1
948180.738695 1
953895.809197 0
952940.913388 1
951986.972474 0
952940.913388 3
953895.809197 3
954851.660858 3
955808.469327 3
956766.235563 3
957724.960523 3
958684.645168 3
959645.290459 0
958684.645168 1
957724.960523 1
956766.235563 1
955808.469327 1
954851.660858 1
953895.809197 0
948180.738695 2
946283.326399 2
948180.738695 3
949130.869565 3
950081.951516 0
944389.707029 2
942499.873005 2
929376.390780 3
930307.698478 3
931239.938417 3
932173.111528 3
933107.218747 3
934042.261008 3
934978.239247 3
935915.154402 3
936853.007409 0
935915.154402 1
934978.239247 1
934042.261008 1
933107.218747 1
932173.111528 1
931239.938417 1
930307.698478 1
929376.390780 1
923808.069487 0
922883.261418 1
921959.378156 1
921036.418778 1
920114.382359 0
914601.494373 2
913685.892878 1
912771.206985 1
910944.578343 2
909121.601130 2
908211.479529 1
907302.268050 1
901866.060823 3
902769.830654 3
903674.505159 2
901866.060823 2
900061.231567 2
885751.876252 0
869925.294633 2
875169.184714 3
876046.230944 3
876924.155100 3
877802.958058 3
878682.640698 0
864712.789339 3
865579.368708 3
866446.815523 3
867315.130654 3
868184.314969 0
866446.815523 0
861255.128996 2
934042.261008 2
948180.738695 0
952940.913388 0
956766.235563 0
958684.645168 0
952940.913388 0
949130.869565 2
947231.557956 2
949130.869565 0
945336.043072 2
943444.317322 2
933107.218747 0
935915.154402 0
930307.698478 0
928446.014389 0
921959.378156 0
919193.267977 0
915518.012385 2
911857.435778 2
910032.633764 2
908211.479529 2
904580.085244 2
902769.830654 2
900963.194762 2
870797.091725 2
876046.230944 0
877802.958058 0
863847.076550 0
867315.130654 0
865579.368708 0
862118.247244 2
934978.239247 2
938731.530739 2
940613.816759 2
946283.326399 3
947231.557956 3
948180.738695 3
949130.869565 3
950081.951516 3
951033.985502 3
951986.972474 0
953895.809197 3
954851.660858 3
955808.469327 0
957724.960523 0
948180.738695 3
949130.869565 3
950081.951516 3
951033.985502 3
951986.972474 0
951033.985502 1
950081.951516 1
949130.869565 1
948180.738695 1
947231.557956 1
946283.326399 1
947231.557956 3
948180.738695 0
947231.557956 1
946283.326399 1
945336.043072 1
944389.707029 1
943444.317322 1
942499.873005 1
941556.373132 1
940613.816759 1
939672.202942 1
938731.530739 1
933107.218747 2
934042.261008 3
934978.239247 0
934042.261008 1
933107.218747 1
927516.568375 3
928446.014389 3
929376.390780 0
927516.568375 0
926588.051806 1
925660.463754 1
916435.447833 3
917353.801634 3
918273.074709 0
917353.801634 1
916435.447833 1
915518.012385 1
914601.494373 1
913685.892878 1
912771.206985 1
911857.435778 1
910944.578343 1
910032.633764 1
909121.601130 1
908211.479529 1
907302.268050 1
906393.965782 1
905486.571816 1
904580.085244 1
903674.505159 1
902769.830654 1
901866.060823 1
900963.194762 1
900061.231567 1
871669.761486 3
872543.304791 3
873417.722513 3
874293.015529 3
875169.184714 0
876046.230944 3
876924.155100 0
862982.229473 0
866446.815523 2
865579.368708 1
866446.815523 0
865579.368708 1
864712.789339 0
863847.076550 1
862982.229473 1
935915.154402 2
939672.202942 3
940613.816759 3
941556.373132 2
945336.043072 0
947231.557956 0
949130.869565 0
949130.869565 0
947231.557956 0
945336.043072 0
943444.317322 0
939672.202942 0
937791.799208 0
934042.261008 2
934042.261008 0
915518.012385 0
911857.435778 0
910032.633764 0
906393.965782 0
902769.830654 0
900963.194762 0
876046.230944 0
867315.130654 2
865579.368708 0
863847.076550 0
862118.247244 0
936853.007409 3
937791.799208 3
938731.530739 0
942499.873005 3
943444.317322 3
944389.707029 0
945336.043072 3
946283.326399 0
945336.043072 1
944389.707029 1
938731.530739 2
937791.799208 1
936853.007409 1
909121.601130 2
944389.707029 3
945336.043072 3
946283.326399 3
947231.557956 3
948180.738695 0
947231.557956 1
946283.326399 1
947231.557956 3
948180.738695 0
947231.557956 1
946283.326399 1
929376.390780 2
946283.326399 0
944389.707029 0
942499.873005 0
936853.007409 3
937791.799208 3
938731.530739 0
936853.007409 0
935915.154402 1
934978.239247 1
933107.218747 0
932173.111528 1
931239.938417 1
930307.698478 1
929376.390780 1
916435.447833 3
917353.801634 3
918273.074709 2
917353.801634 1
916435.447833 1
915518.012385 1
914601.494373 1
912771.206985 3
913685.892878 3
914601.494373 0
909121.601130 3
910032.633764 3
910944.578343 0
909121.601130 0
908211.479529 1
907302.268050 1
905486.571816 0
892877.921033 2
901866.060823 0
900963.194762 1
900061.231567 0
899160.170336 1
898260.010166 1
897360.750155 1
896462.389405 1
871669.761486 3
872543.304791 3
873417.722513 3
874293.015529 3
875169.184714 0
869925.294633 2
869054.369338 1
868184.314969 1
866446.815523 2
862982.229473 0
862118.247244 1
861255.128996 0
935915.154402 0
943444.317322 0
943444.317322 0
939672.202942 2
937791.799208 2
910032.633764 2
946283.326399 0
930307.698478 2
941556.373132 0
940613.816759 1
937791.799208 0
928446.014389 0
919193.267977 2
915518.012385 0
913685.892878 0
908211.479529 0
908211.479529 0
906393.965782 0
893772.693727 2
899160.170336 0
895564.927016 0
874293.015529 0
870797.091725 2
867315.130654 2
863847.076550 2
934978.239247 0
934042.261008 1
933107.218747 1
921959.378156 2
942499.873005 0
941556.373132 1
940613.816759 1
941556.373132 3
942499.873005 0
941556.373132 1
940613.816759 1
939672.202942 1
938731.530739 1
910944.578343 2
912771.206985 2
910944.578343 2
916435.447833 2
918273.074709 2
927516.568375 3
928446.014389 3
929376.390780 2
930307.698478 3
931239.938417 2
936853.007409 3
937791.799208 3
938731.530739 3
939672.202942 3
940613.816759 0
920114.382359 2
936853.007409 0
935915.154402 1
934978.239247 1
934042.261008 1
933107.218747 1
932173.111528 1
931239.938417 1
930307.698478 1
929376.390780 1
927516.568375 0
921959.378156 2
921036.418778 1
920114.382359 1
914601.494373 0
912771.206985 0
911857.435778 1
910944.578343 1
905486.571816 2
907302.268050 0
905486.571816 3
906393.965782 3
907302.268050 0
905486.571816 0
892877.921033 3
893772.693727 3
894668.362089 3
895564.927016 3
896462.389405 3
897360.750155 3
898260.010166 0
892877.921033 3
893772.693727 3
894668.362089 0
887528.043811 2
886639.515768 1
885751.876252 1
873417.722513 0
872543.304791 1
871669.761486 1
870797.091725 1
869925.294633 1
869054.369338 1
868184.314969 1
864712.789339 2
863847.076550 1
862982.229473 1
934042.261008 0
922883.261418 2
937791.799208 0
911857.435778 2
913685.892878 2
911857.435778 2
917353.801634 2
919193.267977 2
930307.698478 2
932173.111528 2
937791.799208 0
921036.418778 2
934042.261008 0
932173.111528 0
930307.698478 0
928446.014389 0
926588.051806 0
922883.261418 2
920114.382359 2
910032.633764 0
906393.965782 2
906393.965782 0
906393.965782 0
893772.693727 0
895564.927016 0
891984.043112 0
893772.693727 0
888417.461273 2
870797.091725 0
867315.130654 0
865579.368708 2
933107.218747 0
921959.378156 3
922883.261418 3
923808.069487 3
924733.803291 3
925660.463754 2
927516.568375 2
929376.390780 2
928446.014389 1
927516.568375 1
936853.007409 0
912771.206985 3
913685.892878 3
914601.494373 2
913685.892878 1
912771.206985 1
918273.074709 3
919193.267977 3
920114.382359 2
929376.390780 3
930307.698478 3
931239.938417 3
932173.111528 3
933107.218747 3
934042.261008 3
934978.239247 3
935915.154402 3
936853.007409 0
920114.382359 2
921036.418778 3
921959.378156 2
921036.418778 1
920114.382359 1
933107.218747 0
931239.938417 0
929376.390780 0
927516.568375 0
926588.051806 1
925660.463754 0
924733.803291 1
923808.069487 1
922883.261418 1
921959.378156 1
921036.418778 1
920114.382359 1
919193.267977 1
918273.074709 1
909121.601130 0
908211.479529 1
907302.268050 1
906393.965782 1
905486.571816 0
903674.505159 3
904580.085244 3
905486.571816 0
892877.921033 2
891091.059069 2
891984.043112 3
892877.921033 0
893772.693727 3
894668.362089 0
893772.693727 1
892877.921033 1
891091.059069 0
891984.043112 3
892877.921033 0
889307.769042 2
885751.876252 2
884865.124376 1
883979.259251 1
871669.761486 2
866446.815523 3
867315.130654 3
868184.314969 2
866446.815523 2
865579.368708 1
864712.789339 1
932173.111528 0
922883.261418 0
926588.051806 2
928446.014389 2
930307.698478 2
935915.154402 0
911857.435778 0
915518.012385 2
921036.418778 2
934042.261008 0
935915.154402 0
921036.418778 2
922883.261418 2
930307.698478 0
926588.051806 0
924733.803291 0
922883.261418 0
920114.382359 0
904580.085244 0
893772.693727 2
891984.043112 2
891984.043112 0
891091.059069 1
890198.968010 1
886639.515768 2
872543.304791 2
869054.369338 2
867315.130654 2
931239.938417 0
925660.463754 2
923808.069487 2
927516.568375 3
928446.014389 3
929376.390780 3
930307.698478 3
931239.938417 3
932173.111528 3
933107.218747 3
934042.261008 3
934978.239247 0
910944.578343 0
916435.447833 3
917353.801634 3
918273.074709 3
919193.267977 3
920114.382359 3
921036.418778 3
921959.378156 2
927516.568375 3
928446.014389 3
929376.390780 3
930307.698478 3
931239.938417 3
932173.111528 3
933107.218747 0
934978.239247 0
921959.378156 3
922883.261418 3
923808.069487 3
924733.803291 3
925660.463754 3
926588.051806 3
927516.568375 3
928446.014389 3
929376.390780 0
928446.014389 1
927516.568375 1
925660.463754 0
923808.069487 0
922883.261418 1
921959.378156 0
914601.494373 2
912771.206985 2
894668.362089 3
895564.927016 3
896462.389405 2
895564.927016 1
894668.362089 1
903674.505159 0
902769.830654 1
901866.060823 1
900963.194762 1
900061.231567 1
894668.362089 2
893772.693727 1
892877.921033 1
883979.259251 2
883094.279992 1
882210.185712 1
887528.043811 3
888417.461273 3
889307.769042 3
890198.968010 3
891091.059069 0
889307.769042 0
888417.461273 1
887528.043811 1
871669.761486 3
872543.304791 3
873417.722513 2
868184.314969 3
869054.369338 3
869925.294633 2
869054.369338 1
868184.314969 1
867315.130654 1
866446.815523 1
930307.698478 0
926588.051806 2
925660.463754 1
924733.803291 1
926588.051806 0
930307.698478 0
932173.111528 0
915518.012385 0
917353.801634 0
922883.261418 2
926588.051806 0
922883.261418 0
926588.051806 0
928446.014389 0
926588.051806 0
922883.261418 0
915518.012385 2
913685.892878 2
893772.693727 0
897360.750155 2
895564.927016 2
900963.194762 0
895564.927016 2
891984.043112 0
884865.124376 2
886639.515768 0
888417.461273 0
890198.968010 0
888417.461273 0
874293.015529 2
870797.091725 2
867315.130654 0
865579.368708 0
929376.390780 0
928446.014389 1
927516.568375 1
923808.069487 0
924733.803291 3
925660.463754 0
920114.382359 2
929376.390780 0
931239.938417 0
930307.698478 1
929376.390780 1
912771.206985 3
913685.892878 3
914601.494373 0
915518.012385 3
916435.447833 0
914601.494373 2
923808.069487 3
924733.803291 3
925660.463754 0
920114.382359 2
919193.267977 1
918273.074709 1
917353.801634 1
916435.447833 1
915518.012385 1
914601.494373 1
909121.601130 2
921959.378156 0
923808.069487 3
924733.803291 3
925660.463754 0
926588.051806 3
927516.568375 0
925660.463754 0
920114.382359 2
921036.418778 3
921959.378156 0
918273.074709 2
917353.801634 1
916435.447833 1
915518.012385 1
914601.494373 1
892877.921033 0
898260.010166 2
897360.750155 1
896462.389405 1
898260.010166 3
899160.170336 3
900061.231567 0
899160.170336 1
898260.010166 1
897360.750155 1
896462.389405 1
891091.059069 0
885751.876252 3
886639.515768 3
887528.043811 2
886639.515768 1
885751.876252 0
886639.515768 3
887528.043811 0
889307.769042 0
888417.461273 1
887528.043811 0
886639.515768 1
885751.876252 1
876924.155100 2
876046.230944 1
875169.184714 1
873417.722513 2
871669.761486 2
866446.815523 0
864712.789339 0
928446.014389 0
922883.261418 0
924733.803291 0
921036.418778 2
930307.698478 0
913685.892878 0
915518.012385 0
915518.012385 2
924733.803291 0
921036.418778 2
913685.892878 0
910032.633764 2
923808.069487 0
926588.051806 0
921036.418778 2
921036.418778 0
920114.382359 1
919193.267977 1
915518.012385 0
899160.170336 2
895564.927016 0
899160.170336 0
895564.927016 0
891984.043112 2
888417.461273 2
886639.515768 2
887528.043811 0
884865.124376 0
877802.958058 2
876046.230944 2
874293.015529 2
872543.304791 2
865579.368708 0
863847.076550 0
927516.568375 0
921959.378156 2
921959.378156 0
922883.261418 3
923808.069487 0
921959.378156 2
922883.261418 3
923808.069487 2
929376.390780 0
923808.069487 2
922883.261418 1
921959.378156 1
912771.206985 0
914601.494373 0
915518.012385 3
916435.447833 3
917353.801634 3
918273.074709 2
923808.069487 0
922883.261418 1
921959.378156 1
909121.601130 3
910032.633764 3
910944.578343 3
911857.435778 3
912771.206985 0
911857.435778 1
910944.578343 1
910032.633764 1
909121.601130 1
908211.479529 1
907302.268050 1
923808.069487 3
924733.803291 3
925660.463754 0
924733.803291 1
923808.069487 1
922883.261418 1
921959.378156 1
920114.382359 0
918273.074709 0
914601.494373 0
913685.892878 1
912771.206985 1
901866.060823 2
900963.194762 1
900061.231567 1
894668.362089 0
895564.927016 3
896462.389405 3
897360.750155 3
898260.010166 0
897360.750155 1
896462.389405 1
895564.927016 1
894668.362089 0
893772.693727 1
892877.921033 1
891984.043112 1
891091.059069 1
890198.968010 1
889307.769042 1
888417.461273 1
887528.043811 1
886639.515768 1
885751.876252 1
885751.876252 3
886639.515768 0
885751.876252 1
883979.259251 0
878682.640698 2
876924.155100 2
876046.230944 1
875169.184714 1
874293.015529 1
873417.722513 1
864712.789339 0
863847.076550 1
862982.229473 0
926588.051806 0
922883.261418 2
921036.418778 0
922883.261418 0
922883.261418 2
924733.803291 2
928446.014389 0
924733.803291 2
922883.261418 2
919193.267977 2
922883.261418 0
901866.060823 2
911857.435778 0
910032.633764 0
906393.965782 0
921036.418778 0
919193.267977 0
917353.801634 0
913685.892878 0
902769.830654 2
893772.693727 0
890198.968010 0
888417.461273 0
884865.124376 0
884865.124376 0
884865.124376 0
883094.279992 0
879563.203902 2
877802.958058 2
876046.230944 2
925660.463754 0
924733.803291 1
923808.069487 1
922883.261418 1
921959.378156 1
921959.378156 0
922883.261418 3
923808.069487 3
924733.803291 3
925660.463754 3
926588.051806 3
927516.568375 0
926588.051806 1
925660.463754 1
924733.803291 1
923808.069487 1
918273.074709 2
916435.447833 3
917353.801634 3
918273.074709 3
919193.267977 3
920114.382359 3
921036.418778 3
921959.378156 0
901866.060823 3
902769.830654 3
903674.505159 2
901866.060823 2
910944.578343 0
909121.601130 0
908211.479529 1
907302.268050 1
905486.571816 0
904580.085244 1
903674.505159 1
902769.830654 1
901866.060823 1
900963.194762 1
900061.231567 1
920114.382359 0
919193.267977 1
918273.074709 0
917353.801634 1
916435.447833 0
915518.012385 1
914601.494373 1
901866.060823 2
903674.505159 2
901866.060823 2
900963.194762 1
900061.231567 1
887528.043811 3
888417.461273 3
889307.769042 3
890198.968010 3
891091.059069 3
891984.043112 3
892877.921033 0
887528.043811 2
889307.769042 0
887528.043811 0
882210.185712 3
883094.279992 3
883979.259251 0
883979.259251 0
883094.279992 1
883979.259251 0
883094.279992 1
882210.185712 0
881326.975526 1
880444.648551 1
879563.203902 1
878682.640698 1
877802.958058 1
876924.155100 1
876046.230944 1
875169.184714 1
862982.229473 3
863847.076550 3
864712.789339 2
922883.261418 0
921036.418778 0
922883.261418 0
926588.051806 0
924733.803291 0
919193.267977 2
917353.801634 0
919193.267977 0
921036.418778 0
904580.085244 2
902769.830654 2
910032.633764 0
908211.479529 0
900963.194762 0
899160.170336 0
919193.267977 0
915518.012385 0
913685.892878 0
902769.830654 2
904580.085244 2
902769.830654 2
891984.043112 0
888417.461273 2
886639.515768 0
881326.975526 0
883094.279992 0
883094.279992 0
883094.279992 0
877802.958058 0
865579.368708 2
920114.382359 3
921036.418778 3
921959.378156 0
916435.447833 2
920114.382359 0
921959.378156 0
921036.418778 1
920114.382359 1
925660.463754 0
923808.069487 0
922883.261418 1
921959.378156 1
921036.418778 1
920114.382359 1
914601.494373 2
916435.447833 0
918273.074709 0
920114.382359 0
907302.268050 2
905486.571816 2
904580.085244 1
903674.505159 1
909121.601130 0
908211.479529 1
907302.268050 0
901866.060823 2
896462.389405 3
897360.750155 3
898260.010166 3
899160.170336 3
900061.231567 0
899160.170336 1
898260.010166 0
918273.074709 0
917353.801634 1
916435.447833 1
915518.012385 1
914601.494373 0
912771.206985 0
903674.505159 3
904580.085244 3
905486.571816 2
904580.085244 1
903674.505159 1
891091.059069 3
891984.043112 3
892877.921033 2
891091.059069 2
889307.769042 2
891091.059069 0
890198.968010 1
889307.769042 1
888417.461273 1
887528.043811 1
885751.876252 0
880444.648551 0
881326.975526 3
882210.185712 0
882210.185712 0
881326.975526 1
882210.185712 0
869925.294633 2
875169.184714 3
876046.230944 3
876924.155100 0
871669.761486 2
869925.294633 2
868184.314969 2
866446.815523 2
921036.418778 0
917353.801634 2
921036.418778 0
919193.267977 0
915518.012385 2
917353.801634 0
916435.447833 1
908211.479529 2
906393.965782 2
906393.965782 0
902769.830654 2
896462.389405 0
899160.170336 0
897360.750155 0
911857.435778 0
906393.965782 2
893772.693727 2
891984.043112 2
890198.968010 2
890198.968010 0
888417.461273 0
884865.124376 0
881326.975526 0
881326.975526 0
870797.091725 2
876046.230944 0
872543.304791 2
870797.091725 2
869054.369338 2
867315.130654 2
918273.074709 3
919193.267977 3
920114.382359 0
919193.267977 1
918273.074709 1
909121.601130 2
907302.268050 2
906393.965782 1
905486.571816 1
905486.571816 3
906393.965782 3
907302.268050 2
920114.382359 0
919193.267977 1
918273.074709 0
917353.801634 1
916435.447833 1
915518.012385 1
914601.494373 1
915518.012385 3
916435.447833 0
910944.578343 2
910032.633764 1
909121.601130 1
908211.479529 1
907302.268050 1
901866.060823 2
903674.505159 3
904580.085244 3
905486.571816 0
904580.085244 1
903674.505159 1
898260.010166 2
896462.389405 2
898260.010166 0
897360.750155 1
896462.389405 0
905486.571816 3
906393.965782 3
907302.268050 3
908211.479529 3
909121.601130 3
910032.633764 3
910944.578343 0
910032.633764 1
909121.601130 1
908211.479529 1
907302.268050 1
906393.965782 1
905486.571816 1
892877.921033 3
893772.693727 3
894668.362089 2
893772.693727 1
892877.921033 1
891984.043112 1
891091.059069 1
889307.769042 0
887528.043811 0
886639.515768 1
885751.876252 1
883979.259251 0
878682.640698 3
879563.203902 3
880444.648551 0
879563.203902 1
880444.648551 0
879563.203902 1
878682.640698 1
871669.761486 3
872543.304791 3
873417.722513 3
874293.015529 3
875169.184714 0
874293.015529 1
873417.722513 1
872543.304791 1
871669.761486 1
870797.091725 1
869925.294633 1
869054.369338 1
868184.314969 1
919193.267977 0
917353.801634 0
910032.633764 2
908211.479529 2
908211.479529 2
915518.012385 0
915518.012385 0
911857.435778 2
906393.965782 0
902769.830654 2
902769.830654 0
904580.085244 0
899160.170336 2
898260.010166 1
897360.750155 1
897360.750155 0
904580.085244 0
906393.965782 0
910032.633764 0
908211.479529 0
906393.965782 0
904580.085244 0
895564.927016 2
891984.043112 2
890198.968010 2
888417.461273 2
884865.124376 2
877802.958058 0
874293.015529 0
870797.091725 0
867315.130654 0
916435.447833 3
917353.801634 3
918273.074709 0
917353.801634 1
916435.447833 0
910944.578343 2
909121.601130 2
905486.571816 3
906393.965782 3
907302.268050 3
908211.479529 3
909121.601130 3
910032.633764 3
910944.578343 3
911857.435778 3
912771.206985 3
913685.892878 3
914601.494373 0
912771.206985 3
913685.892878 3
914601.494373 0
913685.892878 1
912771.206985 1
903674.505159 2
905486.571816 0
904580.085244 1
903674.505159 1
901866.060823 0
903674.505159 0
902769.830654 1
901866.060823 1
900963.194762 1
900061.231567 1
896462.389405 0
895564.927016 1
896462.389405 0
895564.927016 1
894668.362089 1
903674.505159 0
905486.571816 0
907302.268050 3
908211.479529 3
909121.601130 0
907302.268050 0
906393.965782 1
905486.571816 0
903674.505159 0
902769.830654 1
901866.060823 1
896462.389405 2
894668.362089 2
893772.693727 1
892877.921033 1
891984.043112 1
891091.059069 1
890198.968010 1
889307.769042 1
888417.461273 1
887528.043811 1
886639.515768 1
885751.876252 1
884865.124376 1
883979.259251 1
883094.279992 1
882210.185712 1
881326.975526 1
880444.648551 1
879563.203902 1
878682.640698 1
869925.294633 3
870797.091725 3
871669.761486 3
872543.304791 3
873417.722513 0
868184.314969 3
869054.369338 3
869925.294633 0
869054.369338 1
868184.314969 1
866446.815523 0
915518.012385 0
917353.801634 0
911857.435778 2
910032.633764 2
906393.965782 0
908211.479529 0
913685.892878 0
913685.892878 0
903674.505159 3
904580.085244 2
902769.830654 0
901866.060823 0
899160.170336 0
895564.927016 0
902769.830654 0
904580.085244 0
900963.194762 0
897360.750155 2
895564.927016 2
891984.043112 2
886639.515768 0
884865.124376 0
881326.975526 0
879563.203902 0
877802.958058 0
872543.304791 0
865579.368708 0
914601.494373 0
915518.012385 3
916435.447833 0
915518.012385 1
914601.494373 1
913685.892878 1
912771.206985 1
911857.435778 1
910944.578343 1
910032.633764 1
909121.601130 1
905486.571816 0
907302.268050 0
894668.362089 2
896462.389405 2
912771.206985 0
911857.435778 1
910944.578343 1
912771.206985 0
907302.268050 2
905486.571816 2
900061.231567 3
900963.194762 3
901866.060823 0
900963.194762 1
900061.231567 1
899160.170336 1
898260.010166 1
892877.921033 2
898260.010166 0
894668.362089 0
893772.693727 1
892877.921033 1
891984.043112 1
891091.059069 1
901866.060823 0
900963.194762 1
900061.231567 1
899160.170336 1
898260.010166 1
892877.921033 2
901866.060823 3
902769.830654 3
903674.505159 0
902769.830654 1
901866.060823 1
900061.231567 0
899160.170336 1
898260.010166 1
897360.750155 1
896462.389405 1
895564.927016 1
894668.362089 1
893772.693727 1
892877.921033 1
883979.259251 3
884865.124376 3
885751.876252 0
883979.259251 0
871669.761486 2
880444.648551 0
878682.640698 0
876924.155100 0
876046.230944 1
875169.184714 1
874293.015529 1
873417.722513 1
872543.304791 1
871669.761486 0
870797.091725 1
869925.294633 1
864712.789339 2
862982.229473 2
864712.789339 0
913685.892878 0
913685.892878 0
910032.633764 0
895564.927016 2
897360.750155 2
911857.435778 0
911857.435778 0
908211.479529 2
906393.965782 2
899160.170336 0
899160.170336 0
893772.693727 2
897360.750155 0
893772.693727 0
891984.043112 0
892877.921033 2
899160.170336 0
893772.693727 2
900963.194762 0
899160.170336 0
894668.362089 0
891984.043112 0
883094.279992 0
884865.124376 0
883979.259251 1
883094.279992 0
872543.304791 2
879563.203902 0
877802.958058 0
870797.091725 0
865579.368708 2
863847.076550 2
863847.076550 0
912771.206985 0
910944.578343 3
911857.435778 3
912771.206985 0
907302.268050 2
908211.479529 3
909121.601130 0
908211.479529 1
907302.268050 1
906393.965782 1
905486.571816 1
904580.085244 1
903674.505159 1
896462.389405 3
897360.750155 3
898260.010166 2
910944.578343 0
909121.601130 3
910032.633764 3
910944.578343 0
910032.633764 1
909121.601130 1
908211.479529 1
907302.268050 1
898260.010166 0
896462.389405 3
897360.750155 3
898260.010166 0
897360.750155 1
896462.389405 1
895564.927016 1
894668.362089 1
896462.389405 0
895564.927016 1
894668.362089 1
891091.059069 0
892877.921033 3
893772.693727 3
894668.362089 2
898260.010166 0
897360.750155 1
896462.389405 1
895564.927016 1
894668.362089 1
889307.769042 2
888417.461273 1
887528.043811 1
900061.231567 0
898260.010166 0
891091.059069 3
891984.043112 3
892877.921033 3
893772.693727 0
892877.921033 1
891091.059069 0
882210.185712 0
883979.259251 0
882210.185712 0
873417.722513 2
878682.640698 0
876924.155100 0
868184.314969 2
862982.229473 3
863847.076550 3
864712.789339 2
869925.294633 0
869054.369338 1
868184.314969 1
867315.130654 1
866446.815523 1
865579.368708 1
864712.789339 1
863847.076550 1
862982.229473 0
910032.633764 0
911857.435778 0
908211.479529 2
906393.965782 0
902769.830654 0
899160.170336 2
908211.479529 0
910032.633764 0
908211.479529 0
898260.010166 3
899160.170336 2
897360.750155 0
895564.927016 0
893772.693727 0
889307.769042 2
895564.927016 3
896462.389405 3
897360.750155 0
895564.927016 0
890198.968010 2
899160.170336 0
891984.043112 0
874293.015529 2
877802.958058 0
869054.369338 2
865579.368708 2
869054.369338 0
865579.368708 0
863847.076550 0
862118.247244 0
907302.268050 3
908211.479529 3
909121.601130 0
910944.578343 0
910032.633764 1
909121.601130 1
903674.505159 3
904580.085244 3
905486.571816 0
904580.085244 1
903674.505159 1
902769.830654 1
901866.060823 0
898260.010166 2
900061.231567 2
905486.571816 3
906393.965782 3
907302.268050 0
909121.601130 0
908211.479529 1
907302.268050 0
901866.060823 2
900061.231567 2
894668.362089 3
895564.927016 3
896462.389405 0
895564.927016 1
894668.362089 0
892877.921033 2
887528.043811 2
892877.921033 0
891984.043112 1
891091.059069 1
890198.968010 1
889307.769042 1
894668.362089 0
896462.389405 0
894668.362089 0
893772.693727 1
892877.921033 1
891984.043112 1
891091.059069 1
896462.389405 3
897360.750155 3
898260.010166 0
897360.750155 1
896462.389405 1
895564.927016 1
894668.362089 1
889307.769042 3
890198.968010 3
891091.059069 0
882210.185712 2
876924.155100 3
877802.958058 3
878682.640698 2
876924.155100 2
875169.184714 2
876924.155100 0
871669.761486 2
869925.294633 2
869054.369338 1
868184.314969 1
867315.130654 1
866446.815523 1
867315.130654 3
868184.314969 0
867315.130654 1
866446.815523 1
864712.789339 0
863847.076550 1
862982.229473 0
862118.247244 1
861255.128996 0
906393.965782 0
909121.601130 0
904580.085244 0
900963.194762 0
899160.170336 2
900963.194762 2
906393.965782 0
906393.965782 0
902769.830654 2
900963.194762 2
895564.927016 2
893772.693727 2
888417.461273 2
891984.043112 0
893772.693727 0
893772.693727 0
890198.968010 0
897360.750155 0
894668.362089 0
890198.968010 0
883094.279992 2
879563.203902 2
877802.958058 2
876046.230944 2
876046.230944 0
872543.304791 2
870797.091725 2
867315.130654 0
862118.247244 0
905486.571816 0
883979.259251 3
884865.124376 3
885751.876252 2
887528.043811 2
888417.461273 3
889307.769042 2
903674.505159 0
902769.830654 1
901866.060823 1
900061.231567 0
899160.170336 1
900061.231567 3
900963.194762 3
901866.060823 3
902769.830654 3
903674.505159 3
904580.085244 3
905486.571816 0
904580.085244 1
903674.505159 1
904580.085244 3
905486.571816 0
904580.085244 1
903674.505159 1
902769.830654 1
901866.060823 1
900963.194762 1
900061.231567 1
899160.170336 1
898260.010166 1
897360.750155 1
896462.389405 1
895564.927016 1
894668.362089 1
889307.769042 3
890198.968010 3
891091.059069 0
885751.876252 2
887528.043811 2
892877.921033 0
891091.059069 3
891984.043112 3
892877.921033 0
887528.043811 3
888417.461273 3
889307.769042 0
890198.968010 3
891091.059069 2
896462.389405 0
895564.927016 1
894668.362089 1
885751.876252 3
886639.515768 3
887528.043811 3
888417.461273 3
889307.769042 0
883979.259251 2
882210.185712 2
881326.975526 1
880444.648551 1
879563.203902 1
878682.640698 1
877802.958058 1
876924.155100 1
876046.230944 1
875169.184714 0
874293.015529 1
873417.722513 1
872543.304791 1
871669.761486 1
862982.229473 3
863847.076550 3
864712.789339 2
865579.368708 3
866446.815523 0
857811.278563 3
858670.949513 3
859531.480993 3
860392.873867 3
861255.128996 0
860392.873867 1
859531.480993 1
904580.085244 0
903674.505159 1
886639.515768 2
888417.461273 2
890198.968010 2
900963.194762 0
904580.085244 0
902769.830654 0
902769.830654 0
895564.927016 0
890198.968010 0
886639.515768 2
888417.461273 2
891984.043112 0
890198.968010 2
891984.043112 2
895564.927016 0
886639.515768 0
888417.461273 0
884865.124376 2
883094.279992 2
876046.230944 0
874293.015529 0
871669.761486 0
865579.368708 2
858670.949513 0
860392.873867 0
858670.949513 0
903674.505159 0
885751.876252 3
886639.515768 3
887528.043811 3
888417.461273 3
889307.769042 3
890198.968010 3
891091.059069 3
891984.043112 3
892877.921033 3
893772.693727 3
894668.362089 3
895564.927016 3
896462.389405 3
897360.750155 3
898260.010166 3
899160.170336 3
900061.231567 0
901866.060823 3
902769.830654 3
903674.505159 0
901866.060823 0
900963.194762 1
900061.231567 1
900963.194762 3
901866.060823 0
900963.194762 1
900061.231567 1
887528.043811 2
892877.921033 3
893772.693727 3
894668.362089 0
893772.693727 1
892877.921033 1
891984.043112 1
891091.059069 1
890198.968010 1
889307.769042 0
888417.461273 1
887528.043811 1
888417.461273 3
889307.769042 3
890198.968010 3
891091.059069 0
878682.640698 3
879563.203902 3
880444.648551 2
889307.769042 3
890198.968010 3
891091.059069 3
891984.043112 3
892877.921033 3
893772.693727 3
894668.362089 0
893772.693727 1
892877.921033 1
883979.259251 3
884865.124376 3
885751.876252 0
887528.043811 0
886639.515768 1
885751.876252 1
884865.124376 1
883979.259251 1
875169.184714 3
876046.230944 3
876924.155100 2
876046.230944 1
875169.184714 0
873417.722513 0
872543.304791 1
871669.761486 1
870797.091725 0
869925.294633 1
868184.314969 2
867315.130654 1
866446.815523 1
865579.368708 1
864712.789339 1
859531.480993 2
858670.949513 1
857811.278563 0
859531.480993 0
857811.278563 0
902769.830654 0
890198.968010 0
900963.194762 0
902769.830654 0
900963.194762 0
888417.461273 2
891984.043112 0
893772.693727 0
889307.769042 0
887528.043811 0
890198.968010 0
881326.975526 2
890198.968010 0
893772.693727 0
884865.124376 0
886639.515768 0
884865.124376 0
877802.958058 2
875169.184714 2
869054.369338 2
866446.815523 2
860392.873867 2
856952.467284 0
901866.060823 0
900963.194762 1
900061.231567 1
885751.876252 3
886639.515768 3
887528.043811 3
888417.461273 3
889307.769042 0
885751.876252 3
886639.515768 3
887528.043811 2
891091.059069 3
891984.043112 3
892877.921033 3
893772.693727 3
894668.362089 2
900061.231567 0
901866.060823 0
900061.231567 0
899160.170336 1
898260.010166 1
882210.185712 2
887528.043811 3
888417.461273 3
889307.769042 3
890198.968010 3
891091.059069 0
892877.921033 0
885751.876252 3
886639.515768 3
887528.043811 3
888417.461273 0
887528.043811 1
886639.515768 1
885751.876252 1
886639.515768 0
887528.043811 3
888417.461273 3
889307.769042 0
880444.648551 3
881326.975526 3
882210.185712 2
887528.043811 3
888417.461273 3
889307.769042 0
887528.043811 2
892877.921033 0
891984.043112 1
891091.059069 1
885751.876252 2
883979.259251 0
884865.124376 3
885751.876252 0
884865.124376 1
883979.259251 0
883094.279992 1
882210.185712 1
881326.975526 1
880444.648551 1
879563.203902 1
878682.640698 1
877802.958058 1
876924.155100 1
876046.230944 1
875169.184714 1
874293.015529 1
873417.722513 1
872543.304791 1
871669.761486 1
870797.091725 1
869925.294633 1
869054.369338 1
868184.314969 1
867315.130654 1
866446.815523 1
861255.128996 2
860392.873867 1
859531.480993 1
858670.949513 1
857811.278563 1
856952.467284 1
856094.514817 0
900963.194762 0
888417.461273 2
890198.968010 0
891984.043112 0
895564.927016 2
899160.170336 0
899160.170336 0
897360.750155 0
883094.279992 2
886639.515768 0
888417.461273 0
890198.968010 0
884865.124376 0
886639.515768 0
886639.515768 0
888417.461273 0
887528.043811 1
883094.279992 2
886639.515768 0
888417.461273 0
888417.461273 2
891984.043112 0
886639.515768 2
884865.124376 2
884865.124376 0
883094.279992 0
879563.203902 0
877802.958058 0
876046.230944 0
874293.015529 0
872543.304791 0
867315.130654 0
862118.247244 2
860392.873867 2
856952.467284 0
855237.420302 0
900061.231567 0
899160.170336 1
898260.010166 1
897360.750155 1
896462.389405 1
895564.927016 1
894668.362089 1
893772.693727 1
892877.921033 1
891984.043112 1
891091.059069 1
890198.968010 1
889307.769042 1
888417.461273 1
889307.769042 0
891091.059069 0
896462.389405 3
897360.750155 3
898260.010166 0
897360.750155 1
896462.389405 1
897360.750155 3
898260.010166 0
896462.389405 0
883979.259251 3
884865.124376 3
885751.876252 0
887528.043811 0
888417.461273 3
889307.769042 0
882210.185712 3
883094.279992 3
883979.259251 0
885751.876252 0
885751.876252 0
880444.648551 2
885751.876252 3
886639.515768 3
887528.043811 0
882210.185712 3
883094.279992 3
883979.259251 3
884865.124376 3
885751.876252 0
886639.515768 3
887528.043811 0
888417.461273 3
889307.769042 3
890198.968010 3
891091.059069 0
890198.968010 1
889307.769042 1
888417.461273 1
887528.043811 1
886639.515768 1
885751.876252 1
884865.124376 1
883979.259251 0
882210.185712 0
881326.975526 1
880444.648551 1
878682.640698 0
876924.155100 0
875169.184714 0
873417.722513 0
871669.761486 0
870797.091725 1
869925.294633 1
864712.789339 2
866446.815523 0
865579.368708 1
864712.789339 1
863847.076550 1
862982.229473 1
862118.247244 1
861255.128996 1
856094.514817 0
854381.182882 0
897360.750155 0
895564.927016 0
891984.043112 0
888417.461273 0
895564.927016 0
895564.927016 0
883094.279992 0
884865.124376 0
869925.294633 2
881326.975526 2
884865.124376 0
886639.515768 0
884865.124376 0
886639.515768 0
888417.461273 0
884865.124376 0
883094.279992 0
881326.975526 0
879563.203902 0
878682.640698 1
876046.230944 0
874293.015529 0
869054.369338 0
865579.368708 2
862118.247244 0
853525.801699 0
894668.362089 3
895564.927016 3
896462.389405 0
894668.362089 0
893772.693727 1
892877.921033 1
891091.059069 0
885751.876252 3
886639.515768 3
887528.043811 0
886639.515768 1
887528.043811 3
888417.461273 3
889307.769042 2
894668.362089 0
893772.693727 1
892877.921033 1
893772.693727 3
894668.362089 0
878682.640698 3
879563.203902 3
880444.648551 3
881326.975526 3
882210.185712 0
883094.279992 3
883979.259251 0
883094.279992 1
882210.185712 1
881326.975526 1
880444.648551 1
879563.203902 1
878682.640698 1
869925.294633 2
871669.761486 2
870797.091725 1
869925.294633 1
882210.185712 3
883094.279992 3
883979.259251 0
885751.876252 0
884865.124376 1
883979.259251 1
883094.279992 1
882210.185712 1
883094.279992 3
883979.259251 0
885751.876252 0
884865.124376 1
883979.259251 1
885751.876252 3
886639.515768 3
887528.043811 0
886639.515768 1
885751.876252 1
883979.259251 0
882210.185712 0
880444.648551 0
878682.640698 0
873417.722513 3
874293.015529 3
875169.184714 0
873417.722513 0
864712.789339 3
865579.368708 3
866446.815523 3
867315.130654 3
868184.314969 0
867315.130654 1
866446.815523 1
865579.368708 1
864712.789339 1
859531.480993 3
860392.873867 3
861255.128996 0
860392.873867 1
859531.480993 1
850964.787017 3
851817.604622 3
852671.275897 0
893772.693727 0
893772.693727 0
891984.043112 0
891091.059069 1
890198.968010 0
884865.124376 0
886639.515768 0
890198.968010 2
893772.693727 0
891984.043112 0
893772.693727 0
879563.203902 0
881326.975526 0
883094.279992 0
879563.203902 0
870797.091725 2
872543.304791 2
884865.124376 0
883094.279992 0
881326.975526 0
883094.279992 0
883979.259251 3
884865.124376 0
883094.279992 0
886639.515768 0
884865.124376 0
883094.279992 0
881326.975526 0
877802.958058 0
872543.304791 0
863847.076550 0
867315.130654 0
858670.949513 0
858670.949513 0
851817.604622 0
892877.921033 0
891091.059069 3
891984.043112 3
892877.921033 0
891091.059069 0
889307.769042 0
883979.259251 0
885751.876252 0
889307.769042 3
890198.968010 3
891091.059069 3
891984.043112 3
892877.921033 0
891091.059069 0
892877.921033 0
876924.155100 3
877802.958058 3
878682.640698 0
880444.648551 0
882210.185712 0
873417.722513 2
878682.640698 0
877802.958058 1
876924.155100 1
871669.761486 2
872543.304791 3
873417.722513 2
874293.015529 3
875169.184714 2
880444.648551 3
881326.975526 3
882210.185712 3
883094.279992 3
883979.259251 0
882210.185712 0
880444.648551 0
882210.185712 0
883979.259251 0
882210.185712 0
883979.259251 3
884865.124376 3
885751.876252 0
883979.259251 0
882210.185712 0
880444.648551 0
875169.184714 2
876046.230944 3
876924.155100 0
868184.314969 3
869054.369338 3
869925.294633 3
870797.091725 3
871669.761486 0
862982.229473 0
862118.247244 1
861255.128996 1
866446.815523 0
854381.182882 3
855237.420302 3
856094.514817 3
856952.467284 3
857811.278563 0
856094.514817 3
856952.467284 3
857811.278563 0
849261.709408 3
850112.822230 3
850964.787017 0
890198.968010 0
891984.043112 0
888417.461273 0
888417.461273 0
891984.043112 0
876046.230944 0
877802.958058 0
876924.155100 1
881326.975526 0
874293.015529 2
877802.958058 0
872543.304791 2
874293.015529 2
876046.230944 2
881326.975526 0
879563.203902 0
881326.975526 0
881326.975526 0
883094.279992 0
881326.975526 0
876046.230944 2
876046.230944 0
867315.130654 0
869054.369338 0
862118.247244 0
862118.247244 2
865579.368708 0
856952.467284 0
856952.467284 0
848411.447698 0
887528.043811 3
888417.461273 3
889307.769042 0
891091.059069 0
885751.876252 2
887528.043811 0
883979.259251 3
884865.124376 3
885751.876252 3
886639.515768 3
887528.043811 0
889307.769042 3
890198.968010 3
891091.059069 0
890198.968010 1
889307.769042 1
880444.648551 2
875169.184714 0
876924.155100 0
878682.640698 3
879563.203902 3
880444.648551 0
875169.184714 3
876046.230944 3
876924.155100 0
876046.230944 1
875169.184714 1
873417.722513 3
874293.015529 3
875169.184714 3
876046.230944 3
876924.155100 3
877802.958058 3
878682.640698 3
879563.203902 3
880444.648551 0
875169.184714 3
876046.230944 3
876924.155100 3
877802.958058 3
878682.640698 0
879563.203902 3
880444.648551 0
879563.203902 1
878682.640698 1
880444.648551 0
881326.975526 3
882210.185712 0
881326.975526 1
880444.648551 1
878682.640698 3
879563.203902 3
880444.648551 0
879563.203902 1
878682.640698 1
877802.958058 1
876924.155100 1
875169.184714 0
866446.815523 0
868184.314969 0
859531.480993 3
860392.873867 3
861255.128996 0
862118.247244 3
862982.229473 3
863847.076550 3
864712.789339 0
863847.076550 1
862982.229473 1
862118.247244 1
861255.128996 1
856094.514817 0
854381.182882 3
855237.420302 3
856094.514817 0
847562.036251 0
846713.474214 1
845865.760740 1
886639.515768 0
888417.461273 0
889307.769042 3
890198.968010 0
886639.515768 2
883094.279992 0
884865.124376 0
886639.515768 0
890198.968010 0
881326.975526 2
877802.958058 0
879563.203902 0
876046.230944 0
874293.015529 0
872543.304791 0
874293.015529 0
877802.958058 0
879563.203902 0
876046.230944 0
877802.958058 0
877802.958058 0
880444.648551 0
879563.203902 0
877802.958058 0
876046.230944 0
865579.368708 0
867315.130654 0
862118.247244 0
863847.076550 0
862118.247244 0
852671.275897 3
853525.801699 0
846713.474214 0
845018.894979 0
885751.876252 0
887528.043811 0
889307.769042 0
888417.461273 1
887528.043811 1
880444.648551 3
881326.975526 3
882210.185712 0
883094.279992 3
883979.259251 0
885751.876252 0
886639.515768 3
887528.043811 3
888417.461273 3
889307.769042 0
888417.461273 1
887528.043811 1
882210.185712 2
881326.975526 1
880444.648551 1
875169.184714 3
876046.230944 3
876924.155100 0
877802.958058 3
878682.640698 0
866446.815523 2
875169.184714 0
873417.722513 0
872543.304791 1
871669.761486 0
872543.304791 3
873417.722513 0
872543.304791 1
871669.761486 1
876924.155100 0
878682.640698 0
873417.722513 3
874293.015529 3
875169.184714 0
876924.155100 0
876046.230944 1
875169.184714 1
876924.155100 0
876046.230944 1
875169.184714 1
876924.155100 3
877802.958058 3
878682.640698 0
873417.722513 3
874293.015529 3
875169.184714 3
876046.230944 3
876924.155100 0
876046.230944 1
875169.184714 0
874293.015529 1
873417.722513 1
864712.789339 0
866446.815523 0
865579.368708 1
864712.789339 1
859531.480993 3
860392.873867 3
861255.128996 0
862982.229473 0
862118.247244 1
861255.128996 0
860392.873867 1
859531.480993 1
858670.949513 1
857811.278563 1
852671.275897 0
851817.604622 1
850964.787017 1
845865.760740 0
844172.876084 0
884865.124376 0
885751.876252 3
886639.515768 0
881326.975526 0
884865.124376 0
888417.461273 0
883094.279992 2
877802.958058 0
867315.130654 2
872543.304791 0
870797.091725 0
872543.304791 0
877802.958058 0
874293.015529 0
876046.230944 0
874293.015529 0
874293.015529 0
872543.304791 0
874293.015529 0
869925.294633 2
864712.789339 3
865579.368708 0
860392.873867 0
860392.873867 0
858670.949513 0
851817.604622 0
850112.822230 0
846713.474214 2
843327.703208 0
883979.259251 0
885751.876252 0
875169.184714 3
876046.230944 3
876924.155100 3
877802.958058 3
878682.640698 3
879563.203902 3
880444.648551 0
882210.185712 3
883094.279992 3
883979.259251 0
885751.876252 3
886639.515768 3
887528.043811 0
886639.515768 1
885751.876252 1
884865.124376 1
883979.259251 1
883094.279992 1
882210.185712 1
881326.975526 1
880444.648551 1
871669.761486 2
876924.155100 0
868184.314969 3
869054.369338 3
869925.294633 3
870797.091725 3
871669.761486 0
869925.294633 0
871669.761486 0
870797.091725 1
869925.294633 1
875169.184714 3
876046.230944 3
876924.155100 0
876046.230944 1
875169.184714 1
873417.722513 0
874293.015529 3
875169.184714 0
874293.015529 1
873417.722513 0
871669.761486 3
872543.304791 3
873417.722513 0
868184.314969 3
869054.369338 3
869925.294633 3
870797.091725 3
871669.761486 0
866446.815523 3
867315.130654 3
868184.314969 2
873417.722513 0
872543.304791 1
871669.761486 1
870797.091725 1
869925.294633 1
864712.789339 0
856094.514817 3
856952.467284 3
857811.278563 3
858670.949513 3
859531.480993 0
856094.514817 2
859531.480993 0
857811.278563 0
856952.467284 1
856094.514817 1
850964.787017 0
849261.709408 0
847562.036251 2
842483.375505 0
884865.124376 0
876924.155100 0
879563.203902 0
881326.975526 0
883094.279992 0
886639.515768 0
884865.124376 0
883094.279992 0
879563.203902 0
872543.304791 2
868184.314969 2
869054.369338 0
869054.369338 0
870797.091725 0
874293.015529 0
874293.015529 0
867315.130654 0
869054.369338 0
870797.091725 0
869054.369338 2
872543.304791 0
869054.369338 0
863847.076550 0
855237.420302 0
856952.467284 0
858670.949513 0
857811.278563 1
856952.467284 1
856952.467284 0
855237.420302 0
848411.447698 2
841639.892130 0
882210.185712 3
883094.279992 3
883979.259251 0
883094.279992 1
882210.185712 1
876924.155100 2
876046.230944 0
876924.155100 3
877802.958058 3
878682.640698 0
879563.203902 3
880444.648551 0
882210.185712 0
883979.259251 3
884865.124376 3
885751.876252 0
883979.259251 0
882210.185712 0
876924.155100 2
877802.958058 3
878682.640698 0
873417.722513 2
868184.314969 3
869054.369338 3
869925.294633 2
868184.314969 0
866446.815523 3
867315.130654 3
868184.314969 0
869054.369338 3
869925.294633 0
869054.369338 1
868184.314969 1
867315.130654 1
866446.815523 1
871669.761486 3
872543.304791 3
873417.722513 0
854381.182882 2
873417.722513 0
857811.278563 2
859531.480993 2
864712.789339 3
865579.368708 3
866446.815523 0
868184.314969 0
869925.294633 0
869054.369338 1
868184.314969 1
869054.369338 3
869925.294633 3
870797.091725 3
871669.761486 0
870797.091725 1
869925.294633 1
869054.369338 1
868184.314969 0
862982.229473 0
854381.182882 0
856094.514817 0
856952.467284 3
857811.278563 0
856094.514817 0
855237.420302 1
854381.182882 1
855237.420302 3
856094.514817 0
855237.420302 1
854381.182882 0
853525.801699 1
852671.275897 1
851817.604622 1
850964.787017 1
850112.822230 1
849261.709408 1
840797.252237 0
883094.279992 0
877802.958058 2
878682.640698 2
883094.279992 0
884865.124376 0
883094.279992 0
882210.185712 1
881326.975526 0
877802.958058 2
874293.015529 2
870797.091725 2
867315.130654 0
867315.130654 0
867315.130654 2
870797.091725 0
872543.304791 0
855237.420302 2
858670.949513 2
860392.873867 2
863847.076550 0
865579.368708 0
867315.130654 0
870797.091725 0
867315.130654 0
853525.801699 0
855237.420302 0
850112.822230 0
839955.454985 0
880444.648551 3
881326.975526 3
882210.185712 0
881326.975526 1
880444.648551 1
879563.203902 1
878682.640698 1
875169.184714 3
876046.230944 3
876924.155100 3
877802.958058 3
878682.640698 3
879563.203902 3
880444.648551 3
881326.975526 3
882210.185712 0
883979.259251 0
882210.185712 0
880444.648551 0
879563.203902 1
878682.640698 1
877802.958058 1
876924.155100 1
876046.230944 1
875169.184714 1
874293.015529 1
873417.722513 1
872543.304791 1
871669.761486 1
870797.091725 1
869925.294633 1
869054.369338 1
868184.314969 1
867315.130654 1
866446.815523 0
865579.368708 1
864712.789339 1
866446.815523 0
868184.314969 3
869054.369338 3
869925.294633 0
871669.761486 0
856094.514817 3
856952.467284 3
857811.278563 3
858670.949513 3
859531.480993 3
860392.873867 3
861255.128996 3
862118.247244 3
862982.229473 0
864712.789339 0
865579.368708 3
866446.815523 0
864712.789339 3
865579.368708 3
866446.815523 3
867315.130654 3
868184.314969 3
869054.369338 3
869925.294633 0
869054.369338 1
868184.314969 1
866446.815523 0
865579.368708 1
864712.789339 1
845865.760740 3
846713.474214 3
847562.036251 3
848411.447698 3
849261.709408 3
850112.822230 3
850964.787017 3
851817.604622 3
852671.275897 0
854381.182882 0
853525.801699 1
852671.275897 1
847562.036251 3
848411.447698 3
849261.709408 0
848411.447698 1
847562.036251 1
839114.499530 0
