43074.030826 3
43118.148975 3
43162.311286 3
43206.517804 3
43250.768572 3
43295.063636 3
43339.403039 2
43383.786826 3
43428.215041 3
43472.687729 3
43517.204934 3
43561.766700 3
43606.373073 2
43874.950549 2
43919.870420 3
43964.835255 2
44054.900000 2
43118.148975 0
43383.786826 2
43651.024097 2
43919.870420 2
44009.845100 2
44100.000000 2
42985.926838 3
43029.956795 3
43074.030826 0
43339.403039 3
43383.786826 3
43428.215041 2
43517.204934 2
43606.373073 2
43695.719817 2
43964.835255 3
44009.845100 3
44054.900000 3
44100.000000 3
0.000000 0
43472.687729 2
43561.766700 2
43651.024097 2
43740.460278 2
43919.870420 0
44009.845100 0
42548.041667 2
43339.403039 3
43383.786826 3
43428.215041 3
43472.687729 3
43517.204934 3
43561.766700 3
43606.373073 3
43651.024097 3
43695.719817 3
43740.460278 3
43785.245523 3
43830.075599 3
43874.950549 0
43964.835255 0
43695.719817 2
42591.633301 2
43383.786826 0
43740.460278 0
43830.075599 0
43919.870420 0
43740.460278 2
42635.268569 2
42722.670187 2
43339.403039 0
43383.786826 3
43428.215041 3
43472.687729 3
43517.204934 3
43561.766700 3
43606.373073 3
43651.024097 3
43695.719817 0
43785.245523 0
43830.075599 3
43874.950549 0
43830.075599 1
43785.245523 1
42678.947517 2
42766.436624 2
43383.786826 0
43561.766700 0
43830.075599 0
42722.670187 3
42766.436624 3
42810.246870 3
42854.100971 3
42897.998970 2
43339.403039 0
43428.215041 3
43472.687729 3
43517.204934 0
43472.687729 1
43428.215041 1
43339.403039 2
43785.245523 0
43740.460278 1
43695.719817 1
42678.947517 0
42941.940911 2
43472.687729 0
43383.786826 2
43740.460278 0
43651.024097 0
42635.268569 0
42897.998970 3
42941.940911 3
42985.926838 3
43029.956795 3
43074.030826 2
43339.403039 3
43383.786826 3
43428.215041 0
43339.403039 2
43428.215041 2
43695.719817 0
43606.373073 0
42678.947517 2
42941.940911 0
43118.148975 2
43383.786826 0
43383.786826 2
43472.687729 2
43651.024097 0
42722.670187 3
42766.436624 3
42810.246870 3
42854.100971 3
42897.998970 0
43162.311286 3
43206.517804 3
43250.768572 3
43295.063636 3
43339.403039 0
43383.786826 3
43428.215041 3
43472.687729 3
43517.204934 3
43561.766700 3
43606.373073 0
43561.766700 1
43517.204934 1
42766.436624 0
42854.100971 0
43118.148975 0
43206.517804 0
43295.063636 0
43472.687729 0
43561.766700 0
42460.989132 2
42722.670187 0
42810.246870 0
43074.030826 0
43162.311286 0
43250.768572 0
43339.403039 3
43383.786826 3
43428.215041 0
43472.687729 3
43517.204934 0
43472.687729 1
43428.215041 1
42504.493626 2
42678.947517 0
43206.517804 0
43383.786826 0
43472.687729 0
42548.041667 3
42591.633301 3
42635.268569 0
42897.998970 3
42941.940911 3
42985.926838 3
43029.956795 3
43074.030826 3
43118.148975 3
43162.311286 0
43206.517804 3
43250.768572 3
43295.063636 3
43339.403039 0
43428.215041 0
43383.786826 1
43339.403039 1
42504.493626 0
42854.100971 0
42941.940911 0
43118.148975 0
43295.063636 0
43295.063636 0
42460.989132 0
42722.670187 3
42766.436624 3
42810.246870 0
42854.100971 3
42897.998970 0
42985.926838 3
43029.956795 3
43074.030826 0
43162.311286 3
43206.517804 3
43250.768572 0
43206.517804 1
43162.311286 1
43206.517804 3
43250.768572 0
