609818.395257 2
613496.167097 3
614111.278376 3
614727.005381 3
615343.348730 3
615960.309039 3
616577.886926 3
617196.083009 3
617814.897907 3
618434.332239 2
620918.276322 2
622163.981120 2
625916.086426 3
626543.630056 3
627171.801858 2
626543.630056 1
625916.086426 1
627171.801858 3
627800.602461 3
628430.032493 2
627800.602461 1
627171.801858 1
637308.497086 3
637947.444530 3
638587.031562 2
639868.126948 2
640509.636584 3
641151.788372 2
642438.020976 2
641794.582955 1
641151.788372 1
640509.636584 1
639868.126948 1
639227.258821 1
638587.031562 1
637947.444530 1
637308.497086 1
638587.031562 2
637308.497086 2
608597.369285 2
607987.771915 1
607378.784143 1
611041.866949 2
610429.825082 1
609818.395257 1
611041.866949 2
604948.916847 3
605555.472319 3
606162.634954 2
607378.784143 2
608597.369285 2
607378.784143 2
606770.405359 1
606162.634954 1
574229.832446 3
574805.638084 3
575382.020104 2
575958.979083 3
576536.515599 2
577693.323553 2
610429.825082 2
609818.395257 1
619054.386626 2
621540.817139 2
622787.768889 2
625289.170340 0
627800.602461 2
629060.092586 2
637308.497086 2
639227.258821 2
640509.636584 2
641794.582955 2
643082.103079 2
637947.444530 2
639227.258821 2
637947.444530 2
609207.576861 2
611654.521470 2
611041.866949 3
611654.521470 2
606770.405359 2
607987.771915 2
609207.576861 2
607987.771915 2
575958.979083 2
577114.630229 2
578272.596149 2
611041.866949 2
609818.395257 3
610429.825082 3
611041.866949 2
617196.083009 3
617814.897907 3
618434.332239 3
619054.386626 3
619675.061687 2
622163.981120 3
622787.768889 3
623412.181070 3
624037.218288 3
624662.881169 0
628430.032493 3
629060.092586 3
629690.783369 3
630322.105475 3
630954.059534 2
630322.105475 1
629690.783369 1
637308.497086 3
637947.444530 3
638587.031562 2
639868.126948 2
640509.636584 3
641151.788372 2
641794.582955 3
642438.020976 3
643082.103079 3
643726.829909 2
643082.103079 1
642438.020976 1
641151.788372 2
639868.126948 2
639227.258821 1
638587.031562 1
639868.126948 2
639227.258821 1
638587.031562 1
609818.395257 2
611041.866949 3
611654.521470 3
612267.789259 3
612881.670930 3
613496.167097 2
612267.789259 2
611654.521470 1
611041.866949 1
607378.784143 2
608597.369285 3
609207.576861 3
609818.395257 2
609207.576861 1
608597.369285 1
607378.784143 2
606770.405359 1
606162.634954 1
576536.515599 3
577114.630229 3
577693.323553 2
578272.596149 3
578852.448598 2
611654.521470 2
611654.521470 2
617196.083009 0
620296.358045 2
622787.768889 0
631586.646180 2
636670.188589 0
639227.258821 3
639868.126948 3
640509.636584 2
641794.582955 2
644372.202112 2
641794.582955 2
640509.636584 2
639227.258821 2
640509.636584 2
610429.825082 2
611654.521470 0
614111.278376 2
612881.670930 2
607987.771915 2
610429.825082 2
609207.576861 2
607987.771915 2
576536.515599 2
578272.596149 2
579432.881479 2
612267.789259 3
612881.670930 3
613496.167097 2
612267.789259 3
612881.670930 3
613496.167097 2
619675.061687 3
620296.358045 3
620918.276322 3
621540.817139 3
622163.981120 2
623412.181070 2
622787.768889 1
622163.981120 1
625916.086426 2
630954.059534 3
631586.646180 3
632219.866046 2
632853.719766 3
633488.207974 2
636032.518400 0
638587.031562 0
641151.788372 3
641794.582955 3
642438.020976 2
641794.582955 1
641151.788372 1
645018.220332 2
644372.202112 1
643726.829909 1
642438.020976 2
641151.788372 2
640509.636584 1
639868.126948 1
641151.788372 2
609818.395257 2
611041.866949 2
609818.395257 2
610429.825082 3
611041.866949 0
614727.005381 2
614111.278376 1
613496.167097 1
612881.670930 1
612267.789259 1
608597.369285 3
609207.576861 3
609818.395257 2
611041.866949 2
610429.825082 1
609818.395257 1
609207.576861 1
608597.369285 1
576536.515599 3
577114.630229 3
577693.323553 3
578272.596149 3
578852.448598 2
579432.881479 3
580013.895374 2
614111.278376 2
614111.278376 2
613496.167097 1
620296.358045 0
622787.768889 3
623412.181070 3
624037.218288 2
622787.768889 2
626543.630056 2
632853.719766 2
634123.331305 2
635395.485882 0
637947.444530 0
643082.103079 2
645664.885217 2
643082.103079 2
641794.582955 2
640509.636584 2
641794.582955 2
610429.825082 2
611654.521470 2
610429.825082 2
614727.005381 3
615343.348730 2
612881.670930 0
610429.825082 2
611654.521470 2
609207.576861 2
577114.630229 0
579432.881479 2
580595.490865 2
613496.167097 2
614727.005381 2
613496.167097 3
614111.278376 3
614727.005381 2
619675.061687 3
620296.358045 3
620918.276322 3
621540.817139 3
622163.981120 0
624662.881169 2
624037.218288 1
623412.181070 1
627171.801858 2
632219.866046 3
632853.719766 3
633488.207974 3
634123.331305 3
634759.090396 3
635395.485882 3
636032.518400 2
637308.497086 0
639868.126948 2
643726.829909 3
644372.202112 3
645018.220332 2
646312.197414 2
642438.020976 3
643082.103079 3
643726.829909 2
643082.103079 1
642438.020976 1
641794.582955 1
641151.788372 1
641794.582955 3
642438.020976 2
611041.866949 2
611654.521470 3
612267.789259 2
611041.866949 3
611654.521470 3
612267.789259 2
615960.309039 2
612267.789259 0
611654.521470 1
611041.866949 1
610429.825082 1
609818.395257 1
611041.866949 3
611654.521470 3
612267.789259 2
611654.521470 1
611041.866949 1
609818.395257 2
609207.576861 1
608597.369285 1
576536.515599 0
580013.895374 3
580595.490865 3
581177.668534 2
614111.278376 2
615343.348730 2
615343.348730 2
619054.386626 0
620296.358045 0
625289.170340 2
627800.602461 2
636670.188589 2
637947.444530 2
640509.636584 2
643082.103079 0
645664.885217 2
646960.157572 2
646312.197414 1
644372.202112 2
641794.582955 0
643082.103079 2
611654.521470 2
612881.670930 2
612881.670930 2
616577.886926 2
615960.309039 1
610429.825082 0
612881.670930 2
610429.825082 0
610429.825082 2
581760.428963 2
614727.005381 3
615343.348730 3
615960.309039 3
616577.886926 3
617196.083009 2
616577.886926 1
615960.309039 1
619675.061687 3
620296.358045 3
620918.276322 2
624662.881169 3
625289.170340 3
625916.086426 2
625289.170340 1
624662.881169 1
628430.032493 2
627800.602461 1
627171.801858 1
630954.059534 2
629690.783369 2
637308.497086 3
637947.444530 3
638587.031562 2
641151.788372 3
641794.582955 3
642438.020976 0
646312.197414 3
646960.157572 3
647608.766338 2
646312.197414 2
645664.885217 1
645018.220332 1
641151.788372 0
641794.582955 3
642438.020976 2
643726.829909 2
612267.789259 2
612881.670930 3
613496.167097 3
614111.278376 3
614727.005381 2
614111.278376 1
613496.167097 1
617196.083009 2
615960.309039 2
616577.886926 3
617196.083009 2
611041.866949 2
609818.395257 0
613496.167097 2
609818.395257 0
611041.866949 2
609818.395257 2
584682.992952 2
581177.668534 3
581760.428963 3
582343.772736 2
617814.897907 2
621540.817139 2
626543.630056 2
629060.092586 2
631586.646180 2
630322.105475 2
639227.258821 2
643082.103079 2
648258.024363 2
646960.157572 2
643082.103079 2
644372.202112 2
612881.670930 2
615343.348730 2
617814.897907 2
616577.886926 2
617814.897907 2
611654.521470 2
611041.866949 1
614111.278376 2
611654.521470 2
610429.825082 2
585269.262214 2
582927.700436 2
615960.309039 2
617196.083009 2
618434.332239 2
619675.061687 2
620918.276322 3
621540.817139 3
622163.981120 2
625916.086426 3
626543.630056 3
627171.801858 3
627800.602461 3
628430.032493 3
629060.092586 3
629690.783369 3
630322.105475 3
630954.059534 2
632219.866046 2
631586.646180 1
630954.059534 1
638587.031562 3
639227.258821 3
639868.126948 2
642438.020976 2
643082.103079 3
643726.829909 2
647608.766338 2
648258.024363 3
648907.932295 2
647608.766338 2
648258.024363 3
648907.932295 2
647608.766338 2
643726.829909 3
644372.202112 3
645018.220332 2
613496.167097 3
614111.278376 3
614727.005381 3
615343.348730 3
615960.309039 2
617196.083009 3
617814.897907 3
618434.332239 2
617814.897907 1
617196.083009 1
618434.332239 2
612267.789259 2
613496.167097 2
614727.005381 2
614111.278376 1
613496.167097 1
612881.670930 1
612267.789259 1
611041.866949 2
585856.118332 2
584682.992952 2
583512.212649 2
616577.886926 2
617814.897907 2
619054.386626 2
620296.358045 2
622787.768889 2
622163.981120 1
626543.630056 0
631586.646180 2
632853.719766 2
640509.636584 2
643082.103079 2
644372.202112 2
648258.024363 2
649558.490786 2
648258.024363 2
649558.490786 2
648258.024363 2
645664.885217 2
612881.670930 0
614111.278376 0
616577.886926 2
619054.386626 2
616577.886926 0
619054.386626 2
612881.670930 2
614111.278376 2
615343.348730 2
612881.670930 2
611654.521470 2
586443.561894 2
585269.262214 2
584097.309959 2
617196.083009 3
617814.897907 3
618434.332239 3
619054.386626 3
619675.061687 3
620296.358045 3
620918.276322 3
621540.817139 3
622163.981120 3
622787.768889 3
623412.181070 2
624662.881169 2
625916.086426 0
625289.170340 1
624662.881169 1
630954.059534 2
631586.646180 3
632219.866046 2
633488.207974 2
634123.331305 3
634759.090396 2
633488.207974 2
641151.788372 2
643726.829909 3
644372.202112 3
645018.220332 2
648907.932295 3
649558.490786 3
650209.700486 2
648907.932295 3
649558.490786 3
650209.700486 2
649558.490786 1
648907.932295 1
647608.766338 2
646960.157572 1
646312.197414 1
612267.789259 0
614727.005381 2
617196.083009 3
617814.897907 3
618434.332239 2
619054.386626 3
619675.061687 2
615960.309039 0
619675.061687 2
613496.167097 3
614111.278376 3
614727.005381 3
615343.348730 3
615960.309039 2
615343.348730 1
614727.005381 1
614111.278376 1
613496.167097 1
612881.670930 1
612267.789259 1
587031.593487 2
586443.561894 1
585856.118332 1
585269.262214 1
584682.992952 1
616577.886926 0
619054.386626 0
620296.358045 0
624037.218288 2
625289.170340 2
626543.630056 2
624037.218288 0
631586.646180 2
632853.719766 2
634123.331305 2
635395.485882 2
634123.331305 2
641794.582955 3
642438.020976 3
643082.103079 0
645664.885217 2
648258.024363 0
650861.562048 2
650209.700486 1
650861.562048 2
648258.024363 2
646960.157572 2
615343.348730 3
615960.309039 3
616577.886926 0
619054.386626 2
620296.358045 2
620296.358045 2
616577.886926 2
587620.213701 2
586443.561894 2
615960.309039 0
615343.348730 1
614727.005381 1
618434.332239 0
619675.061687 0
619054.386626 1
618434.332239 1
624662.881169 3
625289.170340 3
625916.086426 3
626543.630056 3
627171.801858 2
623412.181070 0
632219.866046 2
633488.207974 2
634123.331305 3
634759.090396 2
636032.518400 2
635395.485882 1
634759.090396 1
641151.788372 0
642438.020976 0
646312.197414 3
646960.157572 3
647608.766338 0
651514.076124 2
652821.064432 2
652167.243368 1
651514.076124 1
650861.562048 1
650209.700486 1
649558.490786 1
648907.932295 1
648258.024363 1
647608.766338 1
646960.157572 1
646312.197414 1
614727.005381 0
615960.309039 0
619675.061687 2
620918.276322 3
621540.817139 3
622163.981120 2
620918.276322 2
620296.358045 1
619675.061687 1
615960.309039 3
616577.886926 3
617196.083009 2
616577.886926 1
615960.309039 1
615343.348730 1
614727.005381 1
614111.278376 1
613496.167097 1
588209.423124 2
587620.213701 1
587031.593487 1
586443.561894 1
585856.118332 1
615343.348730 0
615343.348730 2
619054.386626 0
627800.602461 2
632853.719766 2
634123.331305 2
635395.485882 2
636670.188589 2
640509.636584 0
641794.582955 0
646960.157572 0
652167.243368 2
653475.539972 2
645664.885217 0
620296.358045 2
619675.061687 1
622787.768889 2
621540.817139 2
619054.386626 0
617814.897907 2
613496.167097 0
588209.423124 3
588799.222347 2
585269.262214 0
614727.005381 0
615960.309039 3
616577.886926 3
617196.083009 2
617814.897907 3
618434.332239 0
617196.083009 2
623412.181070 2
627171.801858 3
627800.602461 3
628430.032493 3
629060.092586 3
629690.783369 2
633488.207974 3
634123.331305 3
634759.090396 3
635395.485882 3
636032.518400 3
636670.188589 3
637308.497086 3
637947.444530 3
638587.031562 3
639227.258821 3
639868.126948 0
641151.788372 0
640509.636584 1
639868.126948 1
646312.197414 0
652821.064432 3
653475.539972 3
654130.670643 3
654786.457100 3
655442.900000 2
654786.457100 1
654130.670643 1
653475.539972 1
652821.064432 1
652167.243368 1
651514.076124 1
645018.220332 0
644372.202112 1
643726.829909 1
619675.061687 3
620296.358045 3
620918.276322 2
622163.981120 2
623412.181070 2
622163.981120 2
618434.332239 0
619054.386626 3
619675.061687 2
619054.386626 1
618434.332239 1
614727.005381 3
615343.348730 3
615960.309039 2
590572.164716 2
589389.611959 2
588799.222347 1
588209.423124 1
584682.992952 0
614111.278376 0
614727.005381 3
615343.348730 0
617814.897907 2
619054.386626 2
617814.897907 2
624037.218288 2
627171.801858 0
630322.105475 2
632853.719766 0
634123.331305 0
637947.444530 0
639227.258821 0
640509.636584 0
639227.258821 0
645664.885217 0
652167.243368 0
653475.539972 0
656100.000000 2
644372.202112 0
621540.817139 2
622787.768889 2
624037.218288 2
622787.768889 2
617814.897907 0
620296.358045 2
616577.886926 2
591164.329045 2
589980.592551 2
588799.222347 2
613496.167097 0
614727.005381 0
618434.332239 2
619675.061687 2
619054.386626 1
618434.332239 1
624662.881169 3
625289.170340 3
625916.086426 3
626543.630056 0
625916.086426 1
630954.059534 3
631586.646180 3
632219.866046 0
632853.719766 3
633488.207974 0
632853.719766 1
632219.866046 1
632853.719766 3
633488.207974 2
637308.497086 0
637947.444530 3
638587.031562 0
639868.126948 0
639227.258821 1
638587.031562 0
645018.220332 0
651514.076124 0
652821.064432 0
0.000000 0
656100.000000 1
655442.900000 1
654786.457100 1
654130.670643 1
639868.126948 2
643726.829909 0
643082.103079 1
642438.020976 1
641794.582955 1
641151.788372 1
622163.981120 2
623412.181070 2
624662.881169 2
623412.181070 2
617196.083009 0
620918.276322 2
620296.358045 1
619675.061687 1
619054.386626 1
618434.332239 1
617814.897907 1
617196.083009 1
591757.086131 2
590572.164716 2
589389.611959 2
588799.222347 1
588209.423124 1
615343.348730 2
619054.386626 2
620296.358045 2
625289.170340 0
625289.170340 0
630322.105475 0
631586.646180 0
631586.646180 0
634123.331305 2
637308.497086 0
640509.636584 2
644372.202112 0
652167.243368 0
653475.539972 0
640509.636584 2
643082.103079 0
640509.636584 0
622787.768889 2
624037.218288 2
625289.170340 2
624037.218288 2
621540.817139 2
619054.386626 2
617814.897907 2
592350.436568 2
591164.329045 2
589980.592551 2
614727.005381 3
615343.348730 3
615960.309039 2
619675.061687 3
620296.358045 3
620918.276322 3
621540.817139 3
622163.981120 3
622787.768889 3
623412.181070 2
624662.881169 0
625289.170340 3
625916.086426 2
629690.783369 0
630954.059534 0
631586.646180 3
632219.866046 2
631586.646180 1
630954.059534 0
634759.090396 2
634123.331305 1
633488.207974 1
639868.126948 3
640509.636584 3
641151.788372 3
641794.582955 3
642438.020976 3
643082.103079 3
643726.829909 0
650209.700486 3
650861.562048 3
651514.076124 0
650861.562048 1
650209.700486 1
643726.829909 2
652821.064432 0
641151.788372 2
641794.582955 3
642438.020976 0
636032.518400 2
639868.126948 0
623412.181070 3
624037.218288 3
624662.881169 3
625289.170340 3
625916.086426 2
625289.170340 1
624662.881169 1
623412.181070 2
622787.768889 1
622163.981120 1
621540.817139 1
620918.276322 1
620296.358045 1
619675.061687 1
619054.386626 1
618434.332239 1
592944.380949 2
592350.436568 1
591757.086131 1
591164.329045 1
590572.164716 1
589389.611959 2
616577.886926 2
620296.358045 0
624037.218288 2
626543.630056 2
629060.092586 0
630322.105475 0
632853.719766 2
635395.485882 2
639227.258821 0
644372.202112 2
650861.562048 0
644372.202112 2
641794.582955 2
636670.188589 2
639227.258821 0
626543.630056 2
624037.218288 2
622787.768889 2
620296.358045 0
593538.919868 2
592350.436568 2
591164.329045 2
589980.592551 2
608597.369285 2
617196.083009 3
617814.897907 3
618434.332239 3
619054.386626 3
619675.061687 0
619054.386626 1
618434.332239 1
624662.881169 3
625289.170340 3
625916.086426 3
626543.630056 3
627171.801858 3
627800.602461 3
628430.032493 0
629060.092586 3
629690.783369 0
633488.207974 2
634759.090396 2
636032.518400 2
636670.188589 3
637308.497086 2
638587.031562 0
639227.258821 3
639868.126948 3
640509.636584 3
641151.788372 2
645018.220332 2
644372.202112 1
643726.829909 1
650209.700486 0
646312.197414 2
645018.220332 2
644372.202112 1
643726.829909 1
643082.103079 1
642438.020976 1
641794.582955 1
641151.788372 1
637308.497086 2
638587.031562 0
637947.444530 1
637308.497086 1
628430.032493 2
627800.602461 1
627171.801858 1
626543.630056 1
625916.086426 1
625289.170340 1
624662.881169 1
624037.218288 1
623412.181070 1
619675.061687 0
594134.053922 3
594729.783706 3
595326.109816 2
594729.783706 1
594134.053922 1
592944.380949 2
592350.436568 1
591757.086131 1
591164.329045 1
590572.164716 1
609207.576861 2
619054.386626 0
617196.083009 2
626543.630056 0
629060.092586 2
629060.092586 0
634123.331305 2
635395.485882 2
636670.188589 2
637947.444530 2
639227.258821 2
641794.582955 2
645664.885217 2
649558.490786 0
646960.157572 2
645664.885217 2
643082.103079 0
640509.636584 0
637947.444530 2
637947.444530 0
629060.092586 2
626543.630056 0
625289.170340 0
624037.218288 0
622787.768889 0
595923.032849 2
593538.919868 0
593538.919868 2
592350.436568 2
591164.329045 2
609818.395257 2
611041.866949 2
614727.005381 2
618434.332239 0
617814.897907 1
617196.083009 1
617814.897907 3
618434.332239 2
622163.981120 2
625916.086426 0
629690.783369 2
628430.032493 0
634759.090396 3
635395.485882 3
636032.518400 2
636670.188589 3
637308.497086 2
638587.031562 2
639868.126948 2
641151.788372 2
642438.020976 2
646312.197414 3
646960.157572 3
647608.766338 3
648258.024363 3
648907.932295 0
648258.024363 1
647608.766338 1
646960.157572 1
646312.197414 1
642438.020976 0
641794.582955 1
641151.788372 1
639868.126948 0
639227.258821 1
638587.031562 1
637947.444530 1
637308.497086 0
630954.059534 2
630322.105475 1
629690.783369 1
625916.086426 0
624662.881169 0
623412.181070 0
622787.768889 1
622163.981120 0
596520.553402 3
597118.672074 3
597717.389464 2
597118.672074 1
596520.553402 1
592944.380949 0
594134.053922 2
593538.919868 1
592944.380949 1
591757.086131 2
610429.825082 2
611654.521470 2
615343.348730 2
619054.386626 2
622787.768889 2
630322.105475 2
636670.188589 2
637947.444530 2
639227.258821 2
640509.636584 2
641794.582955 2
643082.103079 2
645664.885217 0
641794.582955 0
640509.636584 0
639227.258821 0
636670.188589 0
631586.646180 2
625916.086426 3
626543.630056 2
617196.083009 2
598316.706170 2
594729.783706 2
592350.436568 2
611041.866949 2
612267.789259 2
615960.309039 2
617196.083009 2
618434.332239 2
619675.061687 2
623412.181070 3
624037.218288 3
624662.881169 2
630954.059534 3
631586.646180 3
632219.866046 2
636032.518400 3
636670.188589 3
637308.497086 3
637947.444530 3
638587.031562 3
639227.258821 3
639868.126948 3
640509.636584 3
641151.788372 3
641794.582955 3
642438.020976 3
643082.103079 3
643726.829909 3
644372.202112 3
645018.220332 0
644372.202112 1
643726.829909 1
639868.126948 2
639227.258821 1
638587.031562 1
639868.126948 3
640509.636584 3
641151.788372 0
639868.126948 0
638587.031562 0
634759.090396 2
636032.518400 0
632219.866046 2
630954.059534 2
627171.801858 3
627800.602461 3
628430.032493 2
619675.061687 2
618434.332239 2
617814.897907 1
617196.083009 1
598916.622793 2
598316.706170 1
597717.389464 1
594134.053922 3
594729.783706 3
595326.109816 2
591757.086131 3
592350.436568 3
592944.380949 2
611654.521470 2
612881.670930 2
616577.886926 3
617196.083009 3
617814.897907 2
619054.386626 2
620296.358045 2
622787.768889 0
625289.170340 2
624662.881169 1
632853.719766 2
636670.188589 0
637947.444530 0
639227.258821 0
641794.582955 0
643082.103079 0
643082.103079 0
640509.636584 2
637947.444530 0
639227.258821 0
637947.444530 0
635395.485882 2
635395.485882 0
632853.719766 2
631586.646180 2
629060.092586 2
620296.358045 2
619054.386626 2
599517.139933 2
595923.032849 2
593538.919868 2
612267.789259 3
612881.670930 3
613496.167097 2
615960.309039 0
618434.332239 3
619054.386626 3
619675.061687 3
620296.358045 3
620918.276322 3
621540.817139 3
622163.981120 0
625916.086426 2
632219.866046 3
632853.719766 3
633488.207974 3
634123.331305 3
634759.090396 3
635395.485882 3
636032.518400 0
637308.497086 0
638587.031562 0
637947.444530 1
637308.497086 1
641151.788372 0
642438.020976 0
641794.582955 1
641151.788372 1
642438.020976 0
641794.582955 1
641151.788372 1
637308.497086 0
636670.188589 1
636032.518400 1
635395.485882 1
634759.090396 1
638587.031562 0
637947.444530 1
637308.497086 0
636670.188589 1
636032.518400 1
635395.485882 1
634759.090396 0
634123.331305 1
633488.207974 1
632853.719766 1
632219.866046 1
631586.646180 1
630954.059534 1
630322.105475 1
629690.783369 1
620918.276322 2
619675.061687 2
598916.622793 3
599517.139933 3
600118.258191 2
598916.622793 2
597717.389464 2
596520.553402 2
595923.032849 1
595326.109816 1
594729.783706 1
594134.053922 1
614111.278376 2
615343.348730 0
617814.897907 0
620296.358045 0
626543.630056 2
632853.719766 0
635395.485882 0
637947.444530 0
636670.188589 0
641151.788372 0
630954.059534 2
634123.331305 0
636670.188589 0
634123.331305 0
632853.719766 0
621540.817139 2
620296.358045 2
600719.978169 2
599517.139933 2
598316.706170 2
597118.672074 2
606162.634954 2
614727.005381 3
615343.348730 3
615960.309039 2
617196.083009 0
617814.897907 3
618434.332239 3
619054.386626 3
619675.061687 0
625916.086426 3
626543.630056 3
627171.801858 3
627800.602461 3
628430.032493 2
632219.866046 0
633488.207974 3
634123.331305 3
634759.090396 0
635395.485882 3
636032.518400 3
636670.188589 3
637308.497086 0
636670.188589 1
636032.518400 0
635395.485882 1
634759.090396 1
639868.126948 3
640509.636584 0
639868.126948 1
630954.059534 3
631586.646180 3
632219.866046 2
631586.646180 1
630954.059534 1
627171.801858 2
633488.207974 0
632853.719766 1
632219.866046 1
636032.518400 0
632219.866046 2
633488.207974 0
632853.719766 1
632219.866046 0
631586.646180 1
630954.059534 1
624662.881169 2
623412.181070 2
622163.981120 2
621540.817139 1
620918.276322 1
600118.258191 3
600719.978169 3
601322.300469 2
600719.978169 1
600118.258191 1
599517.139933 1
598916.622793 1
598316.706170 1
597717.389464 1
597118.672074 1
596520.553402 1
595923.032849 1
595326.109816 1
606770.405359 2
616577.886926 2
620296.358045 2
626543.630056 0
629060.092586 2
631586.646180 0
632853.719766 0
635395.485882 0
639227.258821 0
639227.258821 0
632853.719766 2
627800.602461 2
632853.719766 0
632853.719766 2
635395.485882 0
632853.719766 2
631586.646180 0
630322.105475 0
625289.170340 2
624037.218288 2
622787.768889 2
601925.225695 2
599517.139933 2
597118.672074 2
595923.032849 2
607378.784143 2
606770.405359 1
606162.634954 1
617196.083009 3
617814.897907 3
618434.332239 3
619054.386626 3
619675.061687 3
620296.358045 3
620918.276322 2
620296.358045 1
619675.061687 1
625916.086426 0
629690.783369 3
630322.105475 3
630954.059534 0
631586.646180 3
632219.866046 0
631586.646180 1
630954.059534 1
634759.090396 0
634123.331305 1
633488.207974 1
632853.719766 1
633488.207974 2
637308.497086 3
637947.444530 3
638587.031562 0
638587.031562 0
637947.444530 1
637308.497086 1
633488.207974 2
627171.801858 3
627800.602461 3
628430.032493 2
632219.866046 0
633488.207974 3
634123.331305 3
634759.090396 0
634123.331305 1
633488.207974 1
632853.719766 1
632219.866046 1
630954.059534 0
629690.783369 0
625916.086426 2
625289.170340 1
624662.881169 1
624037.218288 1
623412.181070 1
604948.916847 2
603737.624962 2
602528.754450 2
601322.300469 2
600118.258191 2
599517.139933 1
598916.622793 1
598316.706170 1
597717.389464 1
597118.672074 1
596520.553402 1
607987.771915 2
616577.886926 0
617814.897907 0
621540.817139 2
629060.092586 0
630322.105475 0
634123.331305 0
634123.331305 2
636670.188589 0
636670.188589 0
634123.331305 2
626543.630056 0
629060.092586 2
631586.646180 0
634123.331305 0
632853.719766 0
630322.105475 0
629060.092586 0
626543.630056 2
605555.472319 2
604342.967930 2
603132.887337 2
601925.225695 2
600719.978169 2
599517.139933 2
608597.369285 2
609818.395257 2
615960.309039 0
616577.886926 3
617196.083009 0
620918.276322 3
621540.817139 3
622163.981120 2
622787.768889 3
623412.181070 2
627171.801858 3
627800.602461 3
628430.032493 0
629690.783369 0
629060.092586 1
628430.032493 1
632219.866046 3
632853.719766 3
633488.207974 0
632853.719766 1
632219.866046 1
634759.090396 3
635395.485882 3
636032.518400 0
635395.485882 1
634759.090396 1
634123.331305 1
634759.090396 3
635395.485882 3
636032.518400 0
635395.485882 1
634759.090396 1
625916.086426 0
629690.783369 3
630322.105475 3
630954.059534 0
631586.646180 3
632219.866046 3
632853.719766 3
633488.207974 0
632219.866046 0
631586.646180 1
630954.059534 1
630322.105475 1
629690.783369 0
629060.092586 1
628430.032493 0
627800.602461 1
627171.801858 1
618434.332239 2
604948.916847 3
605555.472319 3
606162.634954 2
605555.472319 1
604948.916847 1
604342.967930 1
603737.624962 1
603132.887337 1
602528.754450 1
601925.225695 1
601322.300469 1
600719.978169 1
600118.258191 1
599517.139933 1
598916.622793 1
597717.389464 2
609207.576861 2
610429.825082 2
616577.886926 0
622787.768889 2
624037.218288 2
627800.602461 0
629060.092586 0
627800.602461 0
631586.646180 0
632853.719766 0
631586.646180 0
635395.485882 0
635395.485882 0
624662.881169 3
625289.170340 0
629690.783369 0
631586.646180 0
631586.646180 0
630322.105475 0
619054.386626 2
618434.332239 1
606770.405359 2
604342.967930 2
603132.887337 2
597717.389464 3
598316.706170 2
609818.395257 2
611041.866949 2
614727.005381 3
615343.348730 3
615960.309039 0
622163.981120 3
622787.768889 3
623412.181070 3
624037.218288 3
624662.881169 3
625289.170340 3
625916.086426 3
626543.630056 3
627171.801858 0
627800.602461 3
628430.032493 0
627171.801858 0
630954.059534 0
632219.866046 0
631586.646180 1
630954.059534 0
633488.207974 3
634123.331305 3
634759.090396 0
634123.331305 1
633488.207974 1
632853.719766 1
633488.207974 3
634123.331305 3
634759.090396 0
634123.331305 1
633488.207974 1
624662.881169 0
624037.218288 1
623412.181070 1
617196.083009 2
630954.059534 0
630322.105475 1
629690.783369 1
630322.105475 3
630954.059534 0
630322.105475 1
629690.783369 0
625916.086426 2
625289.170340 1
624662.881169 1
624037.218288 1
623412.181070 1
619675.061687 2
608597.369285 2
607378.784143 2
603737.624962 3
604342.967930 3
604948.916847 2
603737.624962 2
600118.258191 3
600719.978169 3
601322.300469 2
600118.258191 2
598916.622793 2
610429.825082 2
611654.521470 2
615343.348730 0
621540.817139 0
626543.630056 0
627800.602461 0
630322.105475 0
630322.105475 0
634123.331305 0
632853.719766 0
624037.218288 0
617814.897907 2
617196.083009 1
629060.092586 0
630322.105475 0
629060.092586 0
626543.630056 2
622787.768889 0
620296.358045 2
609207.576861 2
607987.771915 2
605555.472319 2
604342.967930 2
601925.225695 2
600719.978169 2
599517.139933 2
611041.866949 3
611654.521470 3
612267.789259 2
611654.521470 1
611041.866949 1
614727.005381 0
620918.276322 0
620296.358045 1
619675.061687 1
618434.332239 3
619054.386626 3
619675.061687 2
625916.086426 0
627171.801858 0
628430.032493 3
629060.092586 3
629690.783369 0
629060.092586 1
628430.032493 1
629690.783369 0
627171.801858 2
633488.207974 0
632219.866046 0
631586.646180 1
630954.059534 1
630322.105475 1
629690.783369 1
622163.981120 3
622787.768889 3
623412.181070 0
619675.061687 2
619054.386626 1
618434.332239 1
627171.801858 3
627800.602461 3
628430.032493 0
629690.783369 0
629060.092586 1
628430.032493 0
627800.602461 1
627171.801858 1
620918.276322 3
621540.817139 3
622163.981120 0
621540.817139 1
620918.276322 1
609818.395257 2
608597.369285 2
604948.916847 3
605555.472319 3
606162.634954 2
605555.472319 1
604948.916847 1
601322.300469 3
601925.225695 3
602528.754450 2
601322.300469 2
600719.978169 1
600118.258191 1
612881.670930 2
620296.358045 0
619054.386626 0
620296.358045 2
626543.630056 0
627800.602461 0
629060.092586 0
627800.602461 2
631586.646180 0
629690.783369 0
621540.817139 0
622787.768889 0
620296.358045 2
629060.092586 0
627800.602461 0
621540.817139 0
610429.825082 2
609207.576861 2
606770.405359 2
604948.916847 2
603132.887337 2
601925.225695 2
599517.139933 0
604948.916847 2
613496.167097 2
612881.670930 1
612267.789259 1
618434.332239 3
619054.386626 3
619675.061687 0
618434.332239 0
619054.386626 3
619675.061687 3
620296.358045 3
620918.276322 2
620296.358045 1
619675.061687 1
625916.086426 0
626543.630056 3
627171.801858 0
625916.086426 3
626543.630056 3
627171.801858 3
627800.602461 3
628430.032493 0
627800.602461 1
628430.032493 3
629060.092586 3
629690.783369 3
630322.105475 3
630954.059534 0
619675.061687 2
619675.061687 3
620296.358045 3
620918.276322 0
622163.981120 0
621540.817139 1
620918.276322 1
620296.358045 1
619675.061687 1
619054.386626 1
618434.332239 1
617196.083009 2
628430.032493 0
627800.602461 1
627171.801858 0
626543.630056 1
625916.086426 1
625289.170340 1
624662.881169 1
620918.276322 0
620296.358045 1
619675.061687 1
611041.866949 2
610429.825082 1
609818.395257 1
609207.576861 1
608597.369285 1
607987.771915 1
607378.784143 1
606770.405359 1
606162.634954 1
605555.472319 1
604948.916847 1
604342.967930 1
603737.624962 1
603132.887337 1
602528.754450 1
598916.622793 0
605555.472319 2
614111.278376 2
619054.386626 0
621540.817139 2
625289.170340 0
627800.602461 0
627800.602461 0
620296.358045 2
619054.386626 0
620296.358045 0
617814.897907 0
617814.897907 2
626543.630056 0
625289.170340 0
624037.218288 0
620296.358045 0
611654.521470 2
609818.395257 2
607378.784143 0
604342.967930 0
606162.634954 2
614727.005381 3
615343.348730 3
615960.309039 3
616577.886926 3
617196.083009 3
617814.897907 3
618434.332239 0
614727.005381 2
618434.332239 2
622163.981120 3
622787.768889 3
623412.181070 3
624037.218288 3
624662.881169 0
618434.332239 2
624662.881169 3
625289.170340 3
625916.086426 3
626543.630056 3
627171.801858 0
627171.801858 0
626543.630056 1
625916.086426 1
619675.061687 3
620296.358045 3
620918.276322 2
620296.358045 1
619675.061687 1
614727.005381 2
618434.332239 3
619054.386626 3
619675.061687 0
619054.386626 1
618434.332239 1
617814.897907 1
617196.083009 0
618434.332239 2
619675.061687 2
625916.086426 0
624662.881169 0
623412.181070 0
619675.061687 0
619054.386626 1
618434.332239 1
612267.789259 2
611654.521470 1
611041.866949 1
610429.825082 1
609818.395257 1
606162.634954 2
602528.754450 3
603132.887337 3
603737.624962 0
603132.887337 1
602528.754450 1
601322.300469 2
600719.978169 1
600118.258191 1
606770.405359 2
617814.897907 0
615343.348730 2
619054.386626 2
624037.218288 0
619054.386626 2
624037.218288 0
625289.170340 0
626543.630056 0
625289.170340 0
621540.817139 2
615343.348730 2
619054.386626 0
619054.386626 2
620296.358045 2
625289.170340 0
624037.218288 0
622787.768889 0
619054.386626 0
612881.670930 2
606770.405359 2
601925.225695 2
607378.784143 2
608597.369285 2
607987.771915 1
607378.784143 1
615960.309039 3
616577.886926 3
617196.083009 0
616577.886926 1
615960.309039 1
619675.061687 3
620296.358045 3
620918.276322 3
621540.817139 3
622163.981120 3
622787.768889 3
623412.181070 0
619675.061687 2
623412.181070 0
624037.218288 3
624662.881169 0
625289.170340 3
625916.086426 0
623412.181070 3
624037.218288 3
624662.881169 0
624037.218288 1
623412.181070 1
622787.768889 1
622163.981120 1
614727.005381 3
615343.348730 3
615960.309039 3
616577.886926 3
617196.083009 3
617814.897907 3
618434.332239 0
612267.789259 2
618434.332239 3
619054.386626 3
619675.061687 3
620296.358045 3
620918.276322 2
624662.881169 0
623412.181070 0
622163.981120 0
618434.332239 0
614727.005381 2
613496.167097 2
612881.670930 1
612267.789259 1
611654.521470 1
611041.866949 1
607378.784143 2
606770.405359 1
606162.634954 1
605555.472319 1
604948.916847 1
604342.967930 1
603737.624962 1
603132.887337 1
602528.754450 1
601925.225695 1
601322.300469 1
607987.771915 2
609207.576861 2
616577.886926 0
619054.386626 0
621540.817139 0
622787.768889 0
620296.358045 2
625289.170340 0
622787.768889 0
615343.348730 0
617814.897907 0
612881.670930 2
621540.817139 2
624037.218288 0
621540.817139 0
617814.897907 0
615343.348730 2
614111.278376 2
611654.521470 0
607987.771915 2
606770.405359 2
608597.369285 3
609207.576861 3
609818.395257 2
610429.825082 3
611041.866949 2
612267.789259 2
615960.309039 0
615343.348730 1
614727.005381 1
618434.332239 0
619675.061687 3
620296.358045 3
620918.276322 0
621540.817139 3
622163.981120 0
621540.817139 1
620918.276322 1
617196.083009 2
623412.181070 3
624037.218288 3
624662.881169 0
620918.276322 2
620918.276322 3
621540.817139 3
622163.981120 0
621540.817139 1
620918.276322 1
617196.083009 2
614727.005381 0
615960.309039 3
616577.886926 3
617196.083009 0
613496.167097 2
614727.005381 3
615343.348730 3
615960.309039 2
622163.981120 3
622787.768889 3
623412.181070 0
619675.061687 3
620296.358045 3
620918.276322 0
617196.083009 0
616577.886926 1
615960.309039 1
615343.348730 1
614727.005381 1
611041.866949 0
610429.825082 1
609818.395257 1
609207.576861 1
608597.369285 1
607987.771915 1
607378.784143 1
606770.405359 1
606162.634954 1
592944.380949 2
589389.611959 3
589980.592551 3
590572.164716 2
610429.825082 2
611654.521470 2
612881.670930 2
615343.348730 0
614111.278376 0
620296.358045 0
621540.817139 0
617196.083009 3
617814.897907 2
624037.218288 0
621540.817139 2
621540.817139 0
617814.897907 2
614111.278376 0
616577.886926 0
614111.278376 2
616577.886926 2
621540.817139 0
619054.386626 0
616577.886926 0
610429.825082 0
608597.369285 0
593538.919868 2
591164.329045 2
607378.784143 2
611041.866949 3
611654.521470 3
612267.789259 3
612881.670930 3
613496.167097 3
614111.278376 3
614727.005381 0
614111.278376 1
613496.167097 0
614727.005381 2
615960.309039 2
619675.061687 0
620296.358045 3
620918.276322 0
620296.358045 1
619675.061687 1
618434.332239 2
619054.386626 3
619675.061687 2
623412.181070 0
622787.768889 1
622163.981120 1
621540.817139 1
620918.276322 1
620296.358045 1
620918.276322 0
620296.358045 1
619675.061687 1
619054.386626 1
618434.332239 1
613496.167097 0
609818.395257 2
615960.309039 0
615343.348730 1
614727.005381 1
614111.278376 1
613496.167097 1
617196.083009 2
620918.276322 0
617196.083009 3
617814.897907 3
618434.332239 0
617814.897907 1
617196.083009 1
616577.886926 1
615960.309039 0
615343.348730 1
614727.005381 1
608597.369285 3
609207.576861 3
609818.395257 0
609207.576861 1
608597.369285 1
600118.258191 3
600719.978169 3
601322.300469 2
600719.978169 1
600118.258191 1
594134.053922 2
590572.164716 3
591164.329045 3
591757.086131 2
607987.771915 2
610429.825082 0
612881.670930 0
614111.278376 2
615343.348730 2
616577.886926 2
620296.358045 0
619054.386626 2
620296.358045 2
622787.768889 0
621540.817139 0
620296.358045 0
612881.670930 0
610429.825082 2
615343.348730 0
617814.897907 2
620296.358045 0
617814.897907 0
616577.886926 0
615343.348730 0
609207.576861 0
607987.771915 0
601925.225695 2
599517.139933 0
594729.783706 2
592350.436568 2
608597.369285 3
609207.576861 3
609818.395257 0
608597.369285 2
612267.789259 0
613496.167097 3
614111.278376 3
614727.005381 3
615343.348730 3
615960.309039 3
616577.886926 3
617196.083009 3
617814.897907 3
618434.332239 3
619054.386626 3
619675.061687 0
619054.386626 1
618434.332239 1
619054.386626 3
619675.061687 3
620296.358045 3
620918.276322 3
621540.817139 3
622163.981120 0
621540.817139 1
620918.276322 0
619675.061687 0
619054.386626 1
618434.332239 1
617814.897907 1
617196.083009 1
611041.866949 3
611654.521470 3
612267.789259 0
611654.521470 1
611041.866949 1
614727.005381 0
614111.278376 1
613496.167097 1
617196.083009 3
617814.897907 3
618434.332239 3
619054.386626 3
619675.061687 0
615960.309039 3
616577.886926 3
617196.083009 0
615960.309039 0
615343.348730 1
614727.005381 0
611041.866949 2
609818.395257 2
608597.369285 0
607987.771915 1
607378.784143 0
603737.624962 2
603132.887337 1
602528.754450 1
598916.622793 0
595326.109816 2
594134.053922 2
593538.919868 1
592944.380949 1
607987.771915 0
609207.576861 2
614111.278376 0
615343.348730 0
616577.886926 0
617814.897907 0
619054.386626 0
619054.386626 0
620296.358045 0
620296.358045 0
616577.886926 0
611654.521470 0
611654.521470 2
614111.278376 0
612881.670930 0
616577.886926 0
616577.886926 0
611654.521470 2
610429.825082 2
607987.771915 0
606770.405359 0
604342.967930 2
598316.706170 0
595923.032849 2
594729.783706 2
607378.784143 0
608597.369285 3
609207.576861 3
609818.395257 3
610429.825082 3
611041.866949 3
611654.521470 3
612267.789259 3
612881.670930 3
613496.167097 0
614727.005381 0
615960.309039 0
617196.083009 0
618434.332239 0
617814.897907 1
617196.083009 1
617814.897907 3
618434.332239 0
619675.061687 0
618434.332239 3
619054.386626 3
619675.061687 0
619054.386626 1
618434.332239 1
617814.897907 1
617196.083009 1
616577.886926 1
615960.309039 0
609818.395257 3
610429.825082 3
611041.866949 0
612267.789259 3
612881.670930 3
613496.167097 0
612267.789259 0
615960.309039 0
615343.348730 1
614727.005381 1
613496.167097 3
614111.278376 3
614727.005381 3
615343.348730 3
615960.309039 0
615343.348730 1
614727.005381 1
614111.278376 1
613496.167097 1
612881.670930 1
612267.789259 1
611654.521470 1
611041.866949 1
607378.784143 0
606162.634954 0
605555.472319 1
604948.916847 1
604342.967930 1
603737.624962 1
597717.389464 0
597118.672074 1
596520.553402 1
595923.032849 1
595326.109816 1
594729.783706 1
594134.053922 1
606770.405359 0
609207.576861 0
611654.521470 0
612881.670930 0
614111.278376 0
616577.886926 0
617814.897907 0
617814.897907 0
617814.897907 0
610429.825082 0
612881.670930 0
612267.789259 1
615343.348730 0
614111.278376 0
615343.348730 0
610429.825082 0
606770.405359 2
597118.672074 0
593538.919868 0
606162.634954 0
605555.472319 1
604948.916847 1
608597.369285 0
607378.784143 2
611041.866949 0
611654.521470 3
612267.789259 0
612881.670930 3
613496.167097 0
612267.789259 3
612881.670930 3
613496.167097 3
614111.278376 3
614727.005381 3
615343.348730 3
615960.309039 0
617196.083009 0
615960.309039 3
616577.886926 3
617196.083009 0
615960.309039 3
616577.886926 3
617196.083009 0
616577.886926 1
615960.309039 1
615343.348730 1
614727.005381 1
608597.369285 3
609207.576861 3
609818.395257 0
608597.369285 2
612267.789259 0
613496.167097 3
614111.278376 3
614727.005381 0
614111.278376 1
613496.167097 1
609818.395257 2
613496.167097 0
614727.005381 0
601322.300469 2
607378.784143 3
607987.771915 3
608597.369285 3
609207.576861 3
609818.395257 0
609207.576861 1
608597.369285 1
607987.771915 1
607378.784143 1
589389.611959 2
595326.109816 3
595923.032849 3
596520.553402 0
595923.032849 1
595326.109816 1
594729.783706 1
594134.053922 1
593538.919868 1
592944.380949 0
607987.771915 2
611654.521470 0
612881.670930 0
615343.348730 0
616577.886926 0
615343.348730 0
607987.771915 0
609207.576861 2
611654.521470 0
614111.278376 0
612881.670930 0
610429.825082 2
612881.670930 0
601925.225695 2
606770.405359 0
607987.771915 0
607987.771915 0
589980.592551 2
594729.783706 0
592350.436568 0
585856.118332 2
584682.992952 2
607378.784143 3
607987.771915 3
608597.369285 3
609207.576861 3
609818.395257 3
610429.825082 3
611041.866949 0
604948.916847 2
604342.967930 1
603737.624962 1
612267.789259 0
601322.300469 2
614727.005381 0
614111.278376 1
613496.167097 1
612881.670930 1
612267.789259 1
611654.521470 1
611041.866949 1
609818.395257 2
615960.309039 0
615343.348730 1
614727.005381 0
614111.278376 1
613496.167097 1
607378.784143 0
607987.771915 3
608597.369285 2
609207.576861 3
609818.395257 3
610429.825082 3
611041.866949 0
612267.789259 3
612881.670930 3
613496.167097 0
612881.670930 1
612267.789259 0
611654.521470 1
611041.866949 1
611654.521470 3
612267.789259 0
611654.521470 1
611041.866949 1
602528.754450 2
606162.634954 0
607378.784143 0
606770.405359 1
606162.634954 1
607378.784143 0
606770.405359 1
606162.634954 1
590572.164716 2
594134.053922 0
593538.919868 1
592944.380949 1
592350.436568 1
591757.086131 1
591164.329045 1
590572.164716 1
591164.329045 3
591757.086131 0
586443.561894 2
585269.262214 2
606770.405359 0
609207.576861 0
610429.825082 0
605555.472319 2
611654.521470 0
601925.225695 2
613496.167097 0
610429.825082 0
610429.825082 2
615343.348730 0
614111.278376 0
609207.576861 2
612881.670930 0
610429.825082 0
603132.887337 2
605555.472319 0
606770.405359 0
605555.472319 0
591164.329045 2
593538.919868 0
592350.436568 0
589980.592551 0
587031.593487 2
586443.561894 1
585856.118332 1
606162.634954 0
605555.472319 1
604948.916847 1
608597.369285 0
609818.395257 0
606162.634954 2
605555.472319 1
604948.916847 1
611041.866949 0
602528.754450 3
603132.887337 3
603737.624962 2
604948.916847 3
605555.472319 3
606162.634954 2
609818.395257 0
610429.825082 3
611041.866949 2
614727.005381 0
613496.167097 0
612881.670930 1
612267.789259 1
611654.521470 1
611041.866949 1
610429.825082 1
609818.395257 1
609207.576861 1
608597.369285 1
609818.395257 3
610429.825082 3
611041.866949 3
611654.521470 3
612267.789259 0
611654.521470 1
611041.866949 1
610429.825082 1
609818.395257 0
601322.300469 2
600118.258191 2
603737.624962 3
604342.967930 3
604948.916847 0
605555.472319 3
606162.634954 0
605555.472319 1
604948.916847 1
604342.967930 1
603737.624962 1
604342.967930 3
604948.916847 0
591757.086131 3
592350.436568 3
592944.380949 0
591757.086131 0
583512.212649 2
589389.611959 0
588799.222347 1
588209.423124 1
587620.213701 2
606770.405359 2
610429.825082 0
601925.225695 0
604342.967930 2
606770.405359 2
609207.576861 0
611654.521470 2
614111.278376 0
612881.670930 0
609207.576861 0
607987.771915 0
610429.825082 0
610429.825082 0
609207.576861 0
601925.225695 2
600719.978169 2
603132.887337 0
604342.967930 0
591164.329045 0
584097.309959 2
587620.213701 0
588209.423124 2
589389.611959 3
589980.592551 3
590572.164716 3
591164.329045 3
591757.086131 2
592944.380949 2
594134.053922 2
607378.784143 3
607987.771915 3
608597.369285 3
609207.576861 3
609818.395257 0
601322.300469 0
604948.916847 3
605555.472319 3
606162.634954 3
606770.405359 3
607378.784143 3
607987.771915 3
608597.369285 0
612267.789259 3
612881.670930 3
613496.167097 0
612881.670930 1
612267.789259 0
611654.521470 1
611041.866949 1
604948.916847 2
608597.369285 0
607378.784143 0
608597.369285 3
609207.576861 3
609818.395257 0
609207.576861 1
608597.369285 1
609818.395257 0
608597.369285 0
602528.754450 2
601322.300469 2
602528.754450 0
601925.225695 1
601322.300469 1
600118.258191 3
600719.978169 3
601322.300469 3
601925.225695 3
602528.754450 3
603132.887337 3
603737.624962 0
590572.164716 0
587031.593487 2
586443.561894 1
585856.118332 1
585269.262214 1
584682.992952 1
585856.118332 3
586443.561894 3
587031.593487 0
588799.222347 2
592350.436568 2
593538.919868 2
594729.783706 2
604342.967930 0
605555.472319 0
607987.771915 0
607378.784143 1
612881.670930 0
610429.825082 0
605555.472319 2
607987.771915 0
607378.784143 1
606162.634954 2
609207.576861 0
607987.771915 0
609207.576861 0
603132.887337 2
601925.225695 2
601925.225695 0
600719.978169 0
599517.139933 0
600719.978169 0
589980.592551 0
587620.213701 2
585269.262214 0
589389.611959 3
589980.592551 3
590572.164716 3
591164.329045 3
591757.086131 3
592350.436568 3
592944.380949 3
593538.919868 3
594134.053922 3
594729.783706 3
595326.109816 2
598916.622793 3
599517.139933 3
600118.258191 3
600719.978169 3
601322.300469 3
601925.225695 3
602528.754450 3
603132.887337 3
603737.624962 0
604342.967930 3
604948.916847 0
604342.967930 1
604948.916847 2
607378.784143 0
611041.866949 3
611654.521470 3
612267.789259 0
611654.521470 1
611041.866949 1
609818.395257 0
606162.634954 2
606770.405359 3
607378.784143 0
606162.634954 3
606770.405359 3
607378.784143 3
607987.771915 3
608597.369285 0
607378.784143 0
607987.771915 3
608597.369285 0
604948.916847 2
604342.967930 1
603737.624962 1
603132.887337 1
602528.754450 1
601925.225695 1
601322.300469 0
600118.258191 0
598916.622793 0
600118.258191 0
599517.139933 1
598916.622793 1
598316.706170 1
597717.389464 1
589389.611959 0
588799.222347 1
588209.423124 1
587620.213701 1
587031.593487 1
586443.561894 1
585856.118332 1
585269.262214 1
584682.992952 0
584097.309959 1
583512.212649 1
588799.222347 0
589980.592551 0
591757.086131 0
593538.919868 0
595923.032849 2
598316.706170 0
600719.978169 0
603132.887337 0
604342.967930 0
605555.472319 3
606162.634954 3
606770.405359 0
610429.825082 0
609207.576861 0
606770.405359 2
606770.405359 0
607987.771915 0
606770.405359 0
607987.771915 0
605555.472319 2
603132.887337 0
600719.978169 0
598316.706170 0
599517.139933 0
589980.592551 2
588209.423124 0
589389.611959 0
590572.164716 3
591164.329045 0
591757.086131 3
592350.436568 3
592944.380949 0
596520.553402 3
597118.672074 3
597717.389464 0
598316.706170 3
598916.622793 3
599517.139933 3
600118.258191 0
599517.139933 1
598916.622793 1
602528.754450 0
603737.624962 0
604342.967930 3
604948.916847 0
606162.634954 0
607378.784143 3
607987.771915 3
608597.369285 3
609207.576861 3
609818.395257 0
609207.576861 1
608597.369285 0
607987.771915 1
607378.784143 1
606770.405359 1
606162.634954 1
605555.472319 1
604948.916847 1
605555.472319 3
606162.634954 0
607378.784143 0
606770.405359 1
606162.634954 0
607378.784143 0
606770.405359 1
606162.634954 1
602528.754450 0
601925.225695 1
601322.300469 1
600118.258191 0
599517.139933 1
598916.622793 1
598316.706170 1
597717.389464 0
598916.622793 0
598316.706170 1
597717.389464 1
591757.086131 2
590572.164716 2
589980.592551 1
589389.611959 1
588209.423124 2
587620.213701 1
587031.593487 1
586443.561894 1
585856.118332 1
585269.262214 1
584682.992952 1
588799.222347 0
592350.436568 0
595923.032849 0
597118.672074 0
599517.139933 0
598316.706170 0
601925.225695 0
603132.887337 0
606770.405359 0
607987.771915 0
609207.576861 0
607987.771915 0
604342.967930 0
605555.472319 0
606770.405359 0
606770.405359 0
601925.225695 0
598916.622793 2
597118.672074 0
598316.706170 0
592350.436568 2
591164.329045 2
588799.222347 2
587031.593487 2
587031.593487 3
587620.213701 3
588209.423124 0
588799.222347 3
589389.611959 3
589980.592551 3
590572.164716 3
591164.329045 3
591757.086131 0
595326.109816 0
595923.032849 3
596520.553402 0
597717.389464 3
598316.706170 3
598916.622793 0
597717.389464 0
601322.300469 0
601925.225695 3
602528.754450 0
600118.258191 2
597717.389464 2
606162.634954 0
607378.784143 0
608597.369285 0
607987.771915 1
607378.784143 0
606770.405359 1
606162.634954 1
605555.472319 1
604948.916847 1
604342.967930 1
603737.624962 0
604948.916847 0
605555.472319 3
606162.634954 0
605555.472319 1
604948.916847 1
605555.472319 3
606162.634954 0
601322.300469 2
601322.300469 0
600719.978169 1
600118.258191 1
599517.139933 1
598916.622793 1
598316.706170 1
597717.389464 1
596520.553402 0
597118.672074 3
597717.389464 0
597118.672074 1
596520.553402 1
592944.380949 2
592350.436568 1
591757.086131 1
591164.329045 1
590572.164716 1
589980.592551 1
589389.611959 1
588799.222347 1
588209.423124 1
587620.213701 1
587031.593487 1
581177.668534 2
587620.213701 0
588799.222347 0
591164.329045 0
594729.783706 0
595923.032849 0
598316.706170 0
597118.672074 0
601925.225695 0
601322.300469 1
600719.978169 1
598316.706170 2
607987.771915 0
606770.405359 0
605555.472319 0
604342.967930 0
605555.472319 0
604948.916847 0
601925.225695 2
598316.706170 0
595923.032849 0
597118.672074 0
593538.919868 2
589980.592551 0
587620.213701 0
581760.428963 2
585856.118332 3
586443.561894 3
587031.593487 0
588209.423124 0
588799.222347 3
589389.611959 3
589980.592551 3
590572.164716 0
594134.053922 0
595326.109816 0
596520.553402 3
597118.672074 3
597717.389464 0
596520.553402 0
600118.258191 3
600719.978169 3
601322.300469 0
600118.258191 0
599517.139933 1
598916.622793 1
598316.706170 1
597717.389464 1
594134.053922 2
607378.784143 0
606770.405359 1
606162.634954 0
604948.916847 0
604342.967930 1
603737.624962 0
597717.389464 3
598316.706170 3
598916.622793 2
604948.916847 0
604342.967930 1
603737.624962 1
604342.967930 0
603737.624962 1
603132.887337 1
602528.754450 1
598916.622793 2
598316.706170 1
597717.389464 1
597717.389464 0
594134.053922 3
594729.783706 3
595326.109816 0
596520.553402 0
595923.032849 1
595326.109816 1
594729.783706 1
594134.053922 1
593538.919868 1
592944.380949 1
589389.611959 0
588799.222347 1
588209.423124 1
587620.213701 1
587031.593487 0
581177.668534 3
581760.428963 3
582343.772736 2
586443.561894 0
589980.592551 0
593538.919868 0
597118.672074 0
596520.553402 1
595923.032849 0
598316.706170 0
594729.783706 2
606770.405359 0
604342.967930 0
603132.887337 0
599517.139933 2
603132.887337 0
601925.225695 0
599517.139933 2
598316.706170 2
597118.672074 0
593538.919868 0
592944.380949 0
588799.222347 0
587620.213701 0
582927.700436 2
584682.992952 3
585269.262214 3
585856.118332 0
585269.262214 1
584682.992952 1
585269.262214 3
585856.118332 2
589389.611959 0
592944.380949 0
594134.053922 3
594729.783706 3
595326.109816 3
595923.032849 3
596520.553402 0
595326.109816 0
594729.783706 1
594134.053922 1
594729.783706 3
595326.109816 3
595923.032849 3
596520.553402 3
597118.672074 3
597717.389464 0
597118.672074 1
596520.553402 1
595326.109816 2
606162.634954 0
602528.754450 3
603132.887337 3
603737.624962 0
602528.754450 0
601925.225695 1
601322.300469 1
600719.978169 1
600118.258191 1
600719.978169 3
601322.300469 3
601925.225695 3
602528.754450 0
601925.225695 1
601322.300469 1
600719.978169 1
601322.300469 0
600719.978169 1
600118.258191 1
599517.139933 1
598916.622793 1
598316.706170 1
597717.389464 1
594134.053922 2
593538.919868 1
592944.380949 1
592350.436568 1
591757.086131 1
591164.329045 1
590572.164716 1
591164.329045 3
591757.086131 3
592350.436568 0
591757.086131 1
588209.423124 0
587031.593487 0
586443.561894 1
585856.118332 1
585269.262214 1
584682.992952 1
584097.309959 1
583512.212649 1
585269.262214 0
586443.561894 2
594729.783706 0
594729.783706 0
594729.783706 0
595923.032849 0
595923.032849 0
595923.032849 2
595326.109816 1
601925.225695 0
603132.887337 0
601925.225695 0
600719.978169 0
601925.225695 0
600719.978169 0
600719.978169 0
599517.139933 0
597118.672074 0
594729.783706 2
591757.086131 0
590572.164716 0
586443.561894 0
585269.262214 0
584097.309959 0
581177.668534 2
584682.992952 0
585856.118332 2
587031.593487 2
587620.213701 3
588209.423124 3
588799.222347 3
589389.611959 2
591757.086131 2
594134.053922 0
585856.118332 2
594134.053922 0
593538.919868 1
592944.380949 1
593538.919868 3
594134.053922 0
594729.783706 3
595326.109816 0
594729.783706 1
594134.053922 1
594729.783706 3
595326.109816 0
596520.553402 2
597717.389464 2
601322.300469 0
601925.225695 3
602528.754450 0
601322.300469 0
600719.978169 1
600118.258191 0
599517.139933 1
598916.622793 1
600118.258191 3
600719.978169 3
601322.300469 0
600118.258191 0
599517.139933 1
600118.258191 0
598916.622793 0
595326.109816 2
596520.553402 0
595923.032849 1
595326.109816 1
594729.783706 1
594134.053922 1
590572.164716 2
589980.592551 0
589389.611959 1
588209.423124 2
587620.213701 1
587031.593487 1
581177.668534 2
585856.118332 0
584682.992952 0
583512.212649 0
582927.700436 1
582343.772736 1
581760.428963 2
586443.561894 2
587620.213701 2
589980.592551 2
592350.436568 3
592944.380949 3
593538.919868 0
586443.561894 2
592944.380949 0
594729.783706 0
593538.919868 0
594729.783706 0
597118.672074 2
598316.706170 2
601925.225695 0
599517.139933 0
600719.978169 0
599517.139933 0
598316.706170 0
595923.032849 2
595923.032849 0
593538.919868 0
591164.329045 2
588799.222347 2
581760.428963 2
584097.309959 0
582927.700436 0
582343.772736 2
585856.118332 3
586443.561894 3
587031.593487 3
587620.213701 3
588209.423124 3
588799.222347 3
589389.611959 3
589980.592551 3
590572.164716 3
591164.329045 3
591757.086131 0
592944.380949 0
587031.593487 2
585856.118332 2
591757.086131 3
592350.436568 3
592944.380949 3
593538.919868 3
594134.053922 0
593538.919868 1
592944.380949 0
594134.053922 0
597717.389464 3
598316.706170 3
598916.622793 3
599517.139933 3
600118.258191 3
600719.978169 3
601322.300469 0
600719.978169 1
600118.258191 1
599517.139933 1
598916.622793 0
598316.706170 1
597717.389464 1
597118.672074 1
596520.553402 1
600118.258191 0
599517.139933 1
598916.622793 1
598916.622793 0
597717.389464 0
597118.672074 1
596520.553402 1
595326.109816 0
594729.783706 1
594134.053922 1
593538.919868 1
592944.380949 0
592350.436568 1
591757.086131 1
591164.329045 1
590572.164716 1
589980.592551 1
589389.611959 1
588799.222347 1
588209.423124 1
582343.772736 2
581760.428963 1
581177.668534 1
583512.212649 0
582343.772736 0
581760.428963 1
581177.668534 1
582927.700436 2
585269.262214 0
586443.561894 0
591164.329045 0
587620.213701 2
586443.561894 2
594134.053922 3
594729.783706 2
597118.672074 0
600719.978169 0
599517.139933 0
598316.706170 0
597118.672074 0
597118.672074 2
599517.139933 0
594134.053922 2
595923.032849 0
593538.919868 0
591164.329045 0
588799.222347 0
587620.213701 0
582927.700436 2
581177.668534 3
581760.428963 0
580595.490865 0
583512.212649 3
584097.309959 3
584682.992952 0
585856.118332 0
585269.262214 1
584682.992952 1
588209.423124 3
588799.222347 3
589389.611959 3
589980.592551 3
590572.164716 0
589980.592551 1
589389.611959 1
588799.222347 1
588209.423124 1
587620.213701 1
587031.593487 1
587620.213701 3
588209.423124 2
588799.222347 3
589389.611959 2
590572.164716 2
589980.592551 1
589389.611959 1
595326.109816 3
595923.032849 3
596520.553402 0
597717.389464 3
598316.706170 3
598916.622793 3
599517.139933 3
600118.258191 0
598916.622793 0
597717.389464 0
596520.553402 0
597717.389464 3
598316.706170 3
598916.622793 0
595326.109816 2
594729.783706 1
594134.053922 1
592944.380949 2
595326.109816 0
591757.086131 3
592350.436568 3
592944.380949 0
592350.436568 1
591757.086131 1
590572.164716 0
589980.592551 1
589389.611959 1
588209.423124 0
587620.213701 1
587031.593487 0
583512.212649 2
582927.700436 1
582343.772736 1
575382.020104 2
581177.668534 0
580013.895374 0
582927.700436 0
584097.309959 0
585269.262214 0
587620.213701 0
588799.222347 0
587031.593487 0
588799.222347 2
589980.592551 2
591164.329045 2
592944.380949 2
595923.032849 0
598316.706170 0
597118.672074 0
597118.672074 0
598316.706170 0
595923.032849 2
594729.783706 2
593538.919868 2
590572.164716 3
591164.329045 0
592350.436568 0
589980.592551 0
586443.561894 0
584097.309959 2
581760.428963 0
575958.979083 2
579432.881479 0
582343.772736 0
583512.212649 0
584097.309959 3
584682.992952 0
585856.118332 3
586443.561894 3
587031.593487 0
586443.561894 1
585856.118332 1
586443.561894 3
587031.593487 3
587620.213701 3
588209.423124 0
587620.213701 1
587031.593487 1
587620.213701 3
588209.423124 3
588799.222347 3
589389.611959 3
589980.592551 3
590572.164716 3
591164.329045 3
591757.086131 3
592350.436568 3
592944.380949 3
593538.919868 3
594134.053922 3
594729.783706 3
595326.109816 0
594729.783706 1
594134.053922 1
595326.109816 3
595923.032849 3
596520.553402 3
597118.672074 3
597717.389464 0
597118.672074 1
596520.553402 0
595923.032849 1
595326.109816 1
596520.553402 0
597717.389464 0
597118.672074 1
596520.553402 1
595923.032849 1
595326.109816 1
594729.783706 1
594134.053922 1
593538.919868 1
592944.380949 1
590572.164716 0
591757.086131 0
588209.423124 3
588799.222347 3
589389.611959 0
588799.222347 1
588209.423124 1
587620.213701 1
587031.593487 1
586443.561894 1
585856.118332 0
585269.262214 1
584682.992952 1
581177.668534 0
576536.515599 3
577114.630229 3
577693.323553 3
578272.596149 3
578852.448598 0
